     0/299     13.8G    0.1012    0.1796   0.03709     0.318       455       640   0.00459    0.2979  0.007359  0.001353    0.0919    0.1611   0.03515
     1/299     13.8G   0.09349    0.1924   0.03454    0.3204       410       640  0.004408    0.2861  0.007484  0.001328   0.08923    0.1687   0.03281
     2/299     13.8G   0.09145    0.1969   0.03255    0.3209       354       640   0.00712    0.2695  0.008294  0.001529   0.08869    0.1705   0.03103
     3/299     13.8G   0.09101    0.1997     0.031    0.3217       317       640  0.008332    0.2648   0.01285  0.002462   0.08833    0.1716    0.0297
     4/299     13.8G   0.09106    0.1936   0.02981    0.3145       381       640    0.0197   0.02644   0.01499  0.003227   0.08849    0.1706   0.02878
     5/299     13.8G   0.09038    0.1932   0.02907    0.3127       350       640  0.009833     0.292   0.01593  0.003118   0.08897    0.1692   0.02798
     6/299     13.8G   0.09009    0.1954    0.0284    0.3139       309       640    0.0118     0.279   0.01552    0.0029   0.08863    0.1698   0.02733
     7/299     13.8G   0.08959    0.1893   0.02792    0.3068       344       640   0.02574    0.1336   0.02622  0.004919   0.08908    0.1684   0.02684
     8/299     13.8G   0.08909     0.199    0.0276    0.3157       348       640   0.05403   0.09338   0.03687  0.008078   0.08925    0.1653   0.02638
     9/299     13.8G   0.08836     0.194   0.02678    0.3091       380       640    0.7276   0.09456   0.04468  0.007892   0.09107    0.1569   0.02529
    10/299     13.8G   0.08465    0.1861   0.02572    0.2965       419       640    0.1116    0.2235   0.09323   0.02047    0.0833    0.1666   0.02146
    11/299     13.8G   0.07958    0.1936   0.02344    0.2966       394       640    0.4248    0.2712   0.07292   0.01374   0.08331    0.1591   0.01913
    12/299     13.8G   0.07538    0.1871   0.02096    0.2834       308       640   0.06264    0.3961   0.06246   0.01025   0.08936    0.1437   0.01893
    13/299     13.8G   0.07377    0.1867    0.0199    0.2804       361       640    0.5767    0.2871    0.2502   0.06162   0.07831    0.1328   0.01536
    14/299     13.8G   0.07096    0.1738   0.01881    0.2636       222       640   0.03583    0.1848   0.02087  0.003304   0.09992    0.1219    0.0204
    15/299     13.8G   0.06889    0.1799   0.01767    0.2664       354       640    0.5393    0.2372    0.2376   0.04883   0.08136    0.1289   0.01325
    16/299     13.8G   0.06634    0.1827   0.01668    0.2658       338       640   0.08992    0.2762   0.08342   0.01592   0.08471    0.1432   0.01495
    17/299     13.8G   0.06459    0.1797   0.01559    0.2599       338       640     0.146    0.4845    0.2478   0.06141   0.08136    0.1219   0.01522
    18/299     13.8G   0.06148    0.1742   0.01455    0.2502       234       640    0.5755    0.2721    0.2366   0.04063   0.07705    0.1301   0.01217
    19/299     13.8G   0.06078    0.1767   0.01358    0.2511       312       640    0.4095    0.4784    0.4024   0.08437   0.06813    0.1277  0.008681
    20/299     13.8G   0.05834    0.1709   0.01281    0.2421       451       640    0.2758    0.4823    0.3238   0.08648   0.07603    0.1436  0.009052
    21/299     13.8G   0.06101    0.1781   0.01195    0.2511       418       640    0.2063     0.332    0.1677   0.02949    0.0802    0.1362   0.01708
    22/299     13.8G   0.06038    0.1626   0.01168    0.2347       280       640    0.1885    0.2865    0.1375   0.02235   0.07942    0.1317  0.006891
    23/299     13.8G   0.05888    0.1733   0.01123    0.2434       251       640    0.4108    0.4562    0.4371    0.1341   0.07477    0.1271  0.008208
    24/299     13.8G   0.05817     0.176   0.01137    0.2456       348       640    0.3405    0.3885    0.3026    0.1156   0.05127    0.1665    0.0159
    25/299     13.8G   0.05575    0.1651    0.0103    0.2311       235       640    0.2004    0.3786    0.1781    0.0653   0.06383    0.1704    0.0212
    26/299     13.8G   0.05408    0.1668   0.01039    0.2313       439       640     0.516    0.6845    0.6116    0.2437   0.05256    0.1248  0.009214
    27/299     13.8G   0.05356    0.1681  0.009772    0.2314       344       640    0.5119    0.4754    0.4592    0.1071   0.06991    0.1318  0.006967
    28/299     13.8G   0.05223    0.1629  0.009403    0.2245       341       640    0.4898    0.5718     0.483    0.2572   0.04097    0.1386   0.01563
    29/299     13.8G   0.05094    0.1597  0.008812    0.2194       294       640    0.5143    0.6067    0.5533    0.2481   0.05275    0.1279   0.01268
    30/299     13.8G   0.05069    0.1605  0.008572    0.2198       339       640    0.5839    0.6835    0.6355    0.2322   0.05717    0.1211  0.007204
    31/299     13.8G      0.05    0.1617  0.007717    0.2195       275       640    0.6884    0.7276    0.7653    0.3689   0.04463    0.1255  0.007542
    32/299     13.8G   0.04945    0.1596  0.008013     0.217       386       640    0.4854     0.657    0.5479    0.2516   0.04558    0.1354   0.01433
    33/299     13.8G   0.04743     0.155  0.007745    0.2101       345       640    0.5098    0.5885    0.5322     0.259   0.04754    0.1282   0.01433
    34/299     13.8G   0.04677    0.1588  0.008059    0.2136       370       640    0.5316    0.6522    0.6138    0.3119   0.04423    0.1319    0.0153
    35/299     13.8G   0.04844    0.1611  0.007562    0.2171       420       640     0.632    0.6733    0.6846    0.3805   0.03894     0.125   0.01172
    36/299     13.8G   0.04719    0.1578  0.007304    0.2123       347       640    0.5764    0.7295    0.6987    0.3853   0.04801    0.1188  0.007975
    37/299     13.8G   0.04601    0.1598  0.007229     0.213       362       640    0.6812    0.6679    0.6669     0.288   0.05193    0.1203  0.005661
    38/299     13.8G    0.0475    0.1557  0.007307    0.2105       400       640    0.6419    0.7125    0.7258    0.3887   0.03983    0.1276   0.01053
    39/299     13.8G   0.04616    0.1543  0.007091    0.2075       280       640    0.6798    0.6911    0.7081    0.3077   0.05243    0.1257  0.006306
    40/299     13.8G    0.0458    0.1539  0.006715    0.2065       250       640    0.5803    0.6104    0.6064    0.3052   0.05264    0.1159  0.006783
    41/299     13.8G   0.04432    0.1527  0.006966    0.2039       436       640    0.6105     0.668    0.6716    0.3462    0.0411    0.1282   0.01165
    42/299     13.8G   0.04441    0.1579  0.006789    0.2091       253       640    0.6317    0.6942    0.7296    0.3803   0.04339    0.1177  0.008719
    43/299     13.8G   0.04435    0.1494  0.006755    0.2005       400       640    0.5392    0.6725    0.6367    0.3593   0.03781    0.1244   0.01751
    44/299     13.8G   0.04337    0.1535  0.006668    0.2035       341       640    0.6278    0.7172    0.6986    0.3636   0.04402     0.132   0.00953
    45/299     13.8G   0.04434    0.1532   0.00666    0.2042       276       640    0.4662    0.5855    0.4879    0.2992   0.03428    0.1336   0.02055
    46/299     13.8G   0.04389    0.1527  0.006321    0.2029       363       640    0.6731     0.741    0.7583    0.4137   0.04065    0.1249  0.007506
    47/299     13.8G   0.04367    0.1446   0.00611    0.1944       370       640    0.6017    0.6905    0.6726    0.3019   0.04617     0.134   0.01136
    48/299     13.8G   0.04241    0.1571  0.006454     0.206       313       640    0.6312     0.728    0.7091    0.3689   0.04505    0.1227  0.008483
    49/299     13.8G   0.04285    0.1514  0.006185    0.2004       410       640     0.617    0.7003     0.722    0.4306   0.03624    0.1295   0.01133
    50/299     13.8G   0.04153    0.1475  0.006211    0.1952       341       640    0.5859    0.7111    0.7105    0.4034   0.03858    0.1311    0.0132
    51/299     13.8G   0.04143    0.1455  0.005876    0.1928       442       640    0.7632    0.6909    0.7622    0.3848   0.04266    0.1254  0.006918
    52/299     13.8G   0.04254    0.1491  0.006134    0.1978       314       640    0.6211    0.7298    0.7138    0.3053   0.05006    0.1222  0.009315
    53/299     13.8G   0.04168    0.1457  0.006247    0.1936       332       640    0.6116    0.7279    0.6853     0.388   0.03618    0.1223   0.01131
    54/299     13.8G   0.04141    0.1457  0.006074    0.1932       400       640    0.6722    0.7117    0.7439    0.4163   0.04128    0.1266  0.008798
    55/299     13.8G   0.04231    0.1452  0.005786    0.1933       371       640    0.6799    0.7223    0.7508    0.3642   0.04564    0.1207  0.009307
    56/299     13.8G   0.04164    0.1439  0.005947    0.1915       382       640    0.7266    0.7018     0.773    0.4875   0.03416    0.1195  0.008726
    57/299     13.8G   0.04089     0.143  0.005757    0.1896       308       640    0.7119      0.69    0.7297    0.3519   0.04666    0.1222  0.006962
    58/299     13.8G    0.0397    0.1403  0.005963     0.186       305       640    0.5777    0.6695    0.6575    0.3882   0.03786    0.1284   0.01391
    59/299     13.8G   0.04052     0.143  0.005767    0.1893       271       640    0.6518    0.7293    0.7546    0.4768   0.03403    0.1234   0.01022
    60/299     13.8G   0.04063    0.1414  0.005341    0.1874       337       640    0.7044    0.6914      0.74    0.3991   0.03986    0.1244  0.008586
    61/299     13.8G     0.039    0.1404  0.005584     0.185       380       640     0.712    0.7361    0.7846    0.4494   0.03966    0.1245  0.007042
    62/299     13.8G   0.04068    0.1459   0.00548     0.192       324       640    0.7532    0.7096    0.7773    0.4077   0.04427    0.1178  0.006875
    63/299     13.8G   0.04025    0.1456  0.005382    0.1913       301       640    0.6954    0.7456    0.7784    0.4403   0.03912    0.1213  0.007224
    64/299     13.8G   0.03916    0.1428  0.005525    0.1875       299       640    0.6856    0.7357    0.7866    0.3503   0.04648    0.1245  0.006928
    65/299     13.8G   0.03875    0.1442    0.0056    0.1886       431       640    0.6834    0.7234    0.7404    0.4743   0.03382     0.119  0.009621
    66/299     13.8G   0.03838    0.1378  0.005452    0.1816       488       640    0.6604    0.7626    0.7706    0.5014   0.03264     0.124   0.01003
    67/299     13.8G   0.03919    0.1406  0.005532    0.1853       347       640    0.6884    0.7705    0.7894    0.4914   0.03499    0.1226  0.007368
    68/299     13.8G   0.03803    0.1326  0.005165    0.1758       419       640    0.6822       0.7    0.7577    0.4363   0.03754    0.1232  0.009468
    69/299     13.8G   0.03927    0.1457  0.005207    0.1902       350       640    0.5833    0.6115    0.6095    0.3255   0.04201    0.1287   0.01595
    70/299     13.8G   0.03814    0.1437  0.005273    0.1871       330       640    0.6799    0.7321    0.7401    0.3694   0.04503    0.1225   0.00741
    71/299     13.8G   0.03816    0.1411  0.005096    0.1844       370       640    0.7117    0.6913    0.7554    0.4109   0.03991    0.1208  0.009096
    72/299     13.8G   0.03767    0.1406  0.004978    0.1832       352       640    0.6927    0.7073    0.7533    0.4426   0.03765    0.1174  0.009457
    73/299     13.8G   0.03781    0.1377  0.005115    0.1806       329       640    0.6599    0.6675     0.687    0.4226   0.03297      0.12   0.01248
    74/299     13.8G    0.0374    0.1392  0.005026    0.1817       350       640    0.7015     0.698    0.7397    0.3951    0.0406    0.1302  0.008818
    75/299     13.8G   0.03656    0.1374  0.004795    0.1787       394       640    0.7019    0.6907    0.7484    0.4211   0.03931    0.1226  0.008829
    76/299     13.8G   0.03829    0.1384  0.005151    0.1819       362       640    0.7038    0.7234    0.7741    0.3996   0.04297    0.1259  0.007948
    77/299     13.8G   0.03637    0.1353  0.004697    0.1764       371       640    0.6975    0.7059     0.733     0.395   0.04014    0.1225  0.009215
    78/299     13.8G    0.0372    0.1361   0.00486    0.1781       285       640    0.6987    0.7111    0.7396    0.4122   0.04094    0.1247  0.008029
    79/299     13.8G     0.036    0.1356  0.004774    0.1764       333       640    0.6509    0.7068    0.6886    0.3958   0.03846    0.1307   0.01059
    80/299     13.8G   0.03687     0.133  0.004688    0.1745       358       640    0.6987     0.734    0.7639    0.4289   0.03847     0.124  0.008661
    81/299     13.8G   0.03629     0.131  0.004835    0.1721       285       640    0.6506    0.6811    0.7041    0.4222   0.03766    0.1333   0.01085
    82/299     13.8G    0.0354    0.1332  0.004525    0.1731       342       640    0.7232     0.714     0.774    0.4717   0.03722    0.1253  0.008102
    83/299     13.8G    0.0373    0.1342  0.004722    0.1762       376       640    0.6564    0.7564    0.7606    0.4497   0.03592    0.1211  0.009218
    84/299     13.8G   0.03635    0.1384  0.004659    0.1794       327       640    0.7037     0.724    0.7748    0.4281   0.04198    0.1237  0.006373
    85/299     13.8G   0.03704    0.1341  0.004745    0.1759       293       640    0.6136    0.6603    0.6609    0.3621   0.03886    0.1251   0.01493
    86/299     13.8G    0.0361    0.1346  0.004546    0.1753       336       640    0.5948    0.7382     0.717    0.4116   0.03706     0.135   0.01127
    87/299     13.8G   0.03575      0.13   0.00452    0.1702       316       640    0.7631    0.6662    0.7582    0.3998   0.04386    0.1308  0.005767
    88/299     13.8G   0.03603    0.1311  0.004548    0.1717       329       640    0.7003    0.7227    0.7641    0.3767    0.0459     0.124  0.006859
    89/299     13.8G   0.03544    0.1325  0.004497    0.1724       379       640    0.6364    0.6772    0.7019    0.4099   0.04177    0.1321  0.009893
    90/299     13.8G   0.03532    0.1346  0.004488    0.1744       389       640    0.6758    0.7229    0.7385    0.4279   0.03824    0.1251  0.008609
    91/299     13.8G   0.03492    0.1291  0.004605    0.1687       371       640    0.7394    0.6689    0.7566    0.4459   0.03853    0.1263  0.007892
    92/299     13.8G   0.03686     0.131  0.004586    0.1725       282       640     0.708    0.7252    0.7594    0.4294   0.03893    0.1288  0.007781
    93/299     13.8G   0.03503    0.1295  0.004252    0.1687       330       640    0.7378    0.7188    0.7771    0.4515   0.03928    0.1253  0.007325
    94/299     13.8G   0.03546    0.1272  0.004189    0.1668       293       640    0.5818    0.7169     0.681    0.4158   0.03542    0.1249   0.01248
    95/299     13.8G    0.0349    0.1285  0.004348    0.1677       274       640    0.6164     0.737    0.7295    0.4583   0.03503    0.1243   0.01056
    96/299     13.8G   0.03484    0.1256  0.004284    0.1647       307       640    0.6405    0.7703     0.753    0.4773    0.0337    0.1196  0.009393
    97/299     13.8G   0.03426    0.1256  0.004219    0.1641       336       640    0.6719     0.731    0.7428    0.4372   0.03904    0.1285   0.01003
    98/299     13.8G   0.03482    0.1282  0.004111    0.1671       297       640    0.7079    0.7082    0.7553    0.4724   0.03446    0.1258  0.009156
    99/299     13.8G   0.03576    0.1288  0.004294    0.1689       261       640    0.7566    0.7296    0.7977    0.4607   0.03824    0.1234  0.005085
   100/299     13.8G   0.03446    0.1248   0.00433    0.1635       256       640     0.684    0.6688    0.7271    0.4128   0.04021    0.1349  0.008665
   101/299     13.8G   0.03352    0.1252  0.004152    0.1628       328       640    0.7148    0.6998    0.7451     0.405   0.04189    0.1325  0.007829
   102/299     13.8G   0.03496    0.1257  0.004215    0.1649       215       640    0.6465       0.7    0.7074    0.3799    0.0414     0.127   0.01077
   103/299     13.8G   0.03533     0.126  0.004147    0.1655       288       640    0.6553    0.7575    0.7481    0.4813   0.03318    0.1235  0.008941
   104/299     13.8G   0.03458    0.1249  0.003998    0.1635       288       640    0.6453    0.6881    0.6907    0.4308   0.03571    0.1302   0.01255
   105/299     13.8G   0.03453    0.1244  0.003916    0.1628       409       640    0.7347    0.7408    0.7684    0.4132    0.0439    0.1285  0.005001
   106/299     13.8G   0.03414    0.1218  0.003767    0.1597       262       640     0.705     0.743    0.7797    0.4644   0.03876    0.1298  0.006153
   107/299     13.8G   0.03384     0.125  0.004029    0.1629       310       640    0.6874    0.6871    0.7051    0.4171   0.03716     0.128   0.01127
   108/299     13.8G   0.03402    0.1237  0.004241    0.1619       393       640    0.6839    0.7215    0.7638    0.4446   0.03993    0.1306  0.007684
   109/299     13.8G   0.03383    0.1227  0.003924    0.1604       287       640    0.7414    0.7031    0.7655    0.4507   0.03892    0.1266  0.006554
   110/299     13.8G   0.03418    0.1216  0.003782    0.1596       304       640    0.7038    0.7348     0.773    0.4755   0.03606    0.1221  0.007673
   111/299     13.8G   0.03423    0.1226  0.003822    0.1607       344       640    0.7354    0.6881    0.7562    0.4214   0.04257    0.1342  0.005857
   112/299     13.8G   0.03314    0.1258  0.003964    0.1629       449       640    0.6855    0.7253    0.7527    0.4599   0.03821    0.1278  0.008602
   113/299     13.8G   0.03279    0.1265  0.003638    0.1629       366       640    0.7046     0.724    0.7633    0.4553   0.03831    0.1304  0.007796
   114/299     13.8G   0.03299    0.1233  0.003748      0.16       402       640    0.6397    0.7253    0.7127    0.4174   0.03896    0.1355  0.008987
   115/299     13.8G    0.0332    0.1186  0.003907    0.1557       270       640     0.739    0.7339    0.7741    0.4592   0.03755    0.1294  0.006769
   116/299     13.8G   0.03241    0.1187  0.003773    0.1549       182       640    0.7363    0.7193    0.7777    0.4579   0.03996    0.1336  0.006553
   117/299     13.8G   0.03355    0.1208  0.003692    0.1581       336       640    0.7232    0.7265    0.7795    0.4699   0.03716    0.1265  0.006756
   118/299     13.8G   0.03293    0.1202  0.003676    0.1568       258       640     0.717    0.7442    0.7754    0.4893   0.03449    0.1239  0.007795
   119/299     13.8G     0.033    0.1201  0.003578    0.1567       411       640    0.6174    0.7408    0.7125    0.4363   0.03684    0.1286   0.01107
   120/299     13.8G   0.03339    0.1232  0.003779    0.1604       269       640    0.6806     0.704    0.7276    0.4527   0.03609    0.1282   0.01071
   121/299     13.8G   0.03312    0.1214  0.003698    0.1582       344       640    0.6879    0.7065    0.7235    0.4188   0.04012    0.1332   0.00901
   122/299     13.8G   0.03239    0.1205  0.003587    0.1565       366       640    0.6909     0.732    0.7593    0.4476   0.03872    0.1323  0.006876
   123/299     13.8G   0.03236    0.1193  0.003754    0.1555       253       640    0.7326    0.7497    0.7811    0.4571   0.03809    0.1269   0.00614
   124/299     13.8G   0.03376    0.1182  0.003563    0.1556       334       640    0.7661    0.6968    0.7619    0.4444   0.03856    0.1283   0.00575
   125/299     13.8G   0.03273    0.1153  0.003569    0.1516       260       640    0.6737    0.7063    0.7154    0.4329   0.03849    0.1389  0.009351
   126/299     13.8G   0.03126    0.1131  0.003343    0.1477       355       640    0.7035    0.7589    0.7941    0.4978   0.03754    0.1274  0.006053
   127/299     13.8G   0.03254     0.118  0.003364    0.1539       364       640    0.6543    0.7152    0.7167    0.4541   0.03585     0.127    0.0115
   128/299     13.8G   0.03174    0.1176  0.003465    0.1528       309       640    0.7014    0.7397    0.7701    0.4691   0.03631    0.1283  0.007616
   129/299     13.8G   0.03245    0.1206  0.003521    0.1565       338       640    0.7354    0.7006    0.7392    0.3767   0.04636    0.1355  0.006171
   130/299     13.8G   0.03207    0.1176  0.003451    0.1531       331       640    0.7136       0.7    0.7245    0.4171   0.04024    0.1412  0.008203
   131/299     13.8G   0.03176    0.1149    0.0033      0.15       296       640    0.6832    0.7314     0.746    0.4677   0.03559     0.134  0.008953
   132/299     13.8G   0.03196    0.1195  0.003321    0.1548       355       640     0.678    0.6894    0.7062    0.4455   0.03588    0.1421   0.01077
   133/299     13.8G   0.03119    0.1092  0.003374    0.1437       361       640    0.6739    0.7302    0.7452    0.4443    0.0412    0.1406   0.00764
   134/299     13.8G   0.03117    0.1166  0.003579    0.1513       344       640    0.6816    0.7235    0.7473    0.4461   0.03865    0.1335  0.008999
   135/299     13.8G   0.03146    0.1132   0.00338     0.148       325       640    0.7419    0.7294    0.7671    0.4601   0.04023    0.1359  0.005401
   136/299     13.8G    0.0306    0.1137  0.003362    0.1477       382       640    0.7065    0.7244    0.7468    0.4575   0.03819     0.136  0.008442
   137/299     13.8G   0.03152    0.1138  0.003256    0.1486       258       640    0.7011    0.7122    0.7327    0.4509   0.03632    0.1345  0.009075
   138/299     13.8G   0.03131    0.1142  0.003352    0.1489       347       640    0.6506    0.7099    0.7146     0.425   0.03959    0.1405  0.009277
   139/299     13.8G   0.03168    0.1114  0.003292    0.1464       288       640    0.6838      0.74    0.7622     0.465   0.03769    0.1366  0.008338
   140/299     13.8G   0.03172    0.1149  0.003183    0.1498       367       640    0.6605    0.7141    0.7086    0.4135    0.0402    0.1414   0.01089
   141/299     13.8G   0.03123    0.1104  0.003251    0.1449       351       640     0.649    0.7291    0.7317    0.4379   0.03792    0.1329   0.01037
   142/299     13.8G   0.03098    0.1148  0.003279    0.1491       441       640    0.7265    0.7473    0.7646    0.4951   0.03508    0.1314  0.006501
   143/299     13.8G   0.03099    0.1092  0.003246    0.1434       373       640    0.7534    0.7275    0.7644    0.4804   0.03559    0.1282  0.007612
   144/299     13.8G   0.03141     0.112  0.003227    0.1467       350       640    0.6866    0.6691     0.708    0.4594   0.03458    0.1337   0.01155
   145/299     13.8G   0.03044    0.1121  0.003097    0.1456       431       640    0.7054    0.7432    0.7579    0.4576   0.03793    0.1345   0.00692
   146/299     13.8G   0.02993    0.1091  0.003101    0.1421       283       640    0.6839    0.7438    0.7484    0.4268   0.04179    0.1391  0.006272
   147/299     13.8G   0.03111    0.1125  0.003126    0.1468       314       640    0.7112    0.6761    0.7257    0.4366   0.03897    0.1377   0.01021
   148/299     13.8G   0.03001    0.1123  0.003176    0.1455       288       640    0.6796    0.7329    0.7441    0.4488   0.03929     0.139  0.008635
   149/299     13.8G      0.03    0.1116  0.003387     0.145       248       640    0.6704    0.7261    0.7444    0.4223    0.0405    0.1418   0.00989
   150/299     13.8G   0.03067    0.1079   0.00317    0.1418       325       640    0.7187    0.7312    0.7447    0.4542   0.03776    0.1357  0.007857
   151/299     13.8G   0.02981    0.1088  0.002995    0.1416       328       640    0.6724    0.7234    0.7265     0.452   0.03717    0.1376  0.008929
   152/299     13.8G   0.03005    0.1124  0.003112    0.1456       319       640    0.7713    0.6956    0.7638    0.4746   0.03755    0.1357   0.00611
   153/299     13.8G   0.02971    0.1089  0.003136    0.1417       394       640    0.7132    0.7068    0.7327    0.4452   0.03911    0.1417  0.007845
   154/299     13.8G   0.03005      0.11  0.003156    0.1432       443       640    0.7254    0.6996    0.7538    0.4462    0.0392    0.1379  0.007701
   155/299     13.8G   0.02957    0.1057  0.003183    0.1385       346       640     0.708    0.7272    0.7634    0.4924   0.03565    0.1382  0.009225
   156/299     13.8G   0.03031    0.1096   0.00289    0.1428       362       640    0.7045    0.7158     0.753    0.4496   0.04108    0.1489  0.007977
   157/299     13.8G   0.02985    0.1101  0.003134    0.1431       365       640    0.7093    0.6972    0.7355    0.4294   0.03941    0.1396  0.007978
   158/299     13.8G   0.02991    0.1075  0.002805    0.1402       353       640    0.6628    0.7248    0.7413    0.4716   0.03614    0.1387   0.01025
   159/299     13.8G   0.02954    0.1059  0.002948    0.1384       343       640    0.7463    0.6782    0.7411    0.4755   0.03769    0.1492  0.007964
   160/299     13.8G   0.03044    0.1069  0.002995    0.1403       334       640    0.7247     0.706    0.7485    0.4551    0.0371    0.1395   0.00926
   161/299     13.8G   0.02858    0.1024  0.002815    0.1338       411       640    0.7192    0.6675    0.7244    0.4487   0.03843    0.1442  0.009552
   162/299     13.8G   0.02877    0.1044  0.003011    0.1362       370       640    0.7199    0.7176    0.7434    0.4286    0.0402    0.1418   0.00944
   163/299     13.8G   0.02868    0.1048  0.002952    0.1364       264       640    0.7332     0.726    0.7594    0.4543    0.0389    0.1349  0.008272
   164/299     13.8G   0.02905    0.1053  0.002912    0.1372       244       640     0.735    0.7091    0.7559    0.4857   0.03679    0.1349   0.00834
   165/299     13.8G   0.02883    0.1059  0.002978    0.1377       220       640    0.7328    0.7201    0.7514    0.4474   0.04089    0.1386  0.007412
   166/299     13.8G    0.0286    0.1059  0.002835    0.1374       375       640    0.7534    0.7202     0.765    0.4811   0.03846    0.1431  0.007173
   167/299     13.8G   0.02941    0.1092  0.002827    0.1415       349       640    0.7051    0.7063    0.7234    0.4184   0.04232    0.1469   0.00788
   168/299     13.8G   0.02904     0.107  0.002843    0.1389       381       640    0.7162    0.6847    0.6993    0.4216   0.03959    0.1455   0.01094
   169/299     13.8G   0.02859    0.1032  0.002813    0.1346       346       640    0.7149    0.7032    0.7312    0.4476   0.03917    0.1478  0.008752
   170/299     13.8G   0.02818    0.1034  0.002848    0.1345       297       640    0.7195    0.7239    0.7465    0.4394   0.04056    0.1432  0.007589
   171/299     13.8G   0.02882    0.1044  0.002862    0.1361       410       640    0.7634    0.7046    0.7635    0.4552   0.03997    0.1429  0.006024
   172/299     13.8G   0.02853    0.1033  0.002858    0.1347       490       640    0.7304     0.709    0.7564    0.4728    0.0377    0.1436  0.009206
   173/299     13.8G   0.02871    0.1044   0.00283    0.1359       329       640    0.7321    0.7065    0.7335    0.4511    0.0378    0.1419  0.009474
   174/299     13.8G   0.02748    0.1045  0.002638    0.1346       367       640    0.7194    0.7507    0.7642    0.4787    0.0373    0.1409  0.006625
   175/299     13.8G   0.02798    0.1016  0.002749    0.1323       292       640    0.7349    0.7314    0.7667    0.4945   0.03623    0.1409   0.00645
   176/299     13.8G   0.02897    0.1015  0.002578    0.1331       305       640    0.7233    0.7052    0.7301    0.4491   0.03893    0.1476  0.007974
   177/299     13.8G   0.02764   0.09978  0.002761    0.1302       282       640    0.7066    0.7403    0.7545    0.4805    0.0371    0.1444  0.007329
   178/299     13.8G   0.02775    0.1021  0.002557    0.1325       281       640    0.7474    0.7293    0.7642    0.4729    0.0379    0.1418  0.006498
   179/299     13.8G   0.02804    0.1007  0.002697    0.1314       282       640    0.7247     0.722    0.7538     0.435   0.04101    0.1436  0.007449
   180/299     13.8G   0.02735    0.1039  0.002566    0.1338       325       640    0.7265    0.6875    0.6975    0.3911   0.04363    0.1536  0.008562
   181/299     13.8G   0.02788    0.1012  0.002879    0.1319       379       640     0.727    0.7196    0.7428    0.4609   0.03791    0.1476  0.008393
   182/299     13.8G   0.02761   0.09837  0.002868    0.1289       335       640    0.6786    0.7535    0.7333    0.4299   0.04025    0.1458  0.007906
   183/299     13.8G   0.02807    0.1008  0.002732    0.1316       364       640    0.7211    0.7062    0.7203    0.4232   0.04024    0.1454  0.008828
   184/299     13.8G   0.02779    0.1003  0.002695    0.1308       359       640    0.6717    0.7143     0.706    0.4039   0.04165     0.146  0.009506
   185/299     13.8G    0.0281    0.1035  0.002742    0.1343       321       640    0.7065    0.7203    0.7362    0.4504    0.0394    0.1452  0.007981
   186/299     13.8G   0.02676     0.101  0.002664    0.1305       383       640    0.7413    0.6623     0.719     0.435   0.04065    0.1504   0.01075
   187/299     13.8G   0.02741    0.0996  0.002736    0.1298       347       640    0.7219    0.6947    0.7291    0.4343   0.03993     0.147  0.009012
   188/299     13.8G   0.02721    0.1021  0.002554    0.1319       411       640    0.7454    0.6802     0.735     0.447   0.03952    0.1508   0.00842
   189/299     13.8G   0.02729   0.09863  0.002692    0.1286       312       640    0.7179    0.6908    0.7108    0.4279   0.04138    0.1538  0.008514
   190/299     13.8G   0.02728    0.0972  0.002752    0.1272       265       640    0.7611    0.6981    0.7503    0.4663   0.03845    0.1488  0.007746
   191/299     13.8G   0.02686   0.09751  0.002464    0.1268       414       640    0.7055    0.6954     0.725    0.4548   0.03795    0.1479  0.009589
   192/299     13.8G   0.02674   0.09959  0.002564    0.1289       421       640    0.6931    0.7015    0.7173    0.4465   0.03886    0.1508  0.009143
   193/299     13.8G   0.02696   0.09992  0.002508    0.1294       285       640    0.6916    0.7127    0.7131     0.438   0.03875    0.1477  0.008865
   194/299     13.8G   0.02646    0.0971  0.002671    0.1262       244       640    0.6623    0.7234    0.7087    0.4377   0.03792    0.1473  0.009287
   195/299     13.8G   0.02663   0.09687  0.002561    0.1261       261       640    0.7117    0.7107    0.7375    0.4595   0.03837    0.1533  0.008289
   196/299     13.8G   0.02695   0.09558  0.002629    0.1252       294       640     0.713    0.7185    0.7446    0.4583   0.03872    0.1505  0.008893
   197/299     13.8G   0.02628   0.09704  0.002587    0.1259       308       640     0.708    0.7418    0.7452    0.4718   0.03699    0.1453  0.008849
   198/299     13.8G   0.02705   0.09524   0.00257    0.1249       408       640    0.7512    0.6939    0.7414    0.4387   0.04012    0.1511    0.0088
   199/299     13.8G   0.02632   0.09582  0.002494    0.1246       345       640    0.7344    0.7342    0.7491    0.4097   0.04363    0.1463  0.006132
   200/299     13.8G   0.02656   0.09734  0.002573    0.1265       350       640    0.7394    0.7179    0.7483    0.4484   0.04007    0.1481  0.006666
   201/299     13.8G   0.02611   0.09858   0.00251    0.1272       378       640     0.734    0.6889    0.7214    0.4598   0.03743    0.1518  0.009156
   202/299     13.8G   0.02614   0.09451  0.002644    0.1233       381       640    0.6819    0.6981    0.7032    0.4564   0.03655    0.1552   0.01142
   203/299     13.8G   0.02572   0.09504  0.002536    0.1233       396       640    0.7497    0.7045    0.7381    0.4563   0.03961    0.1554  0.008793
   204/299     13.8G    0.0269   0.09223  0.002517    0.1217       358       640     0.733    0.6889    0.7392    0.4334   0.04101    0.1534  0.008223
   205/299     13.8G   0.02569   0.09628  0.002502    0.1245       379       640    0.7048    0.7146    0.7249    0.4471   0.03909    0.1554   0.01055
   206/299     13.8G    0.0257   0.09501  0.002466    0.1232       338       640    0.6983    0.6917    0.7205    0.4474   0.03816    0.1531   0.01115
   207/299     13.8G   0.02574   0.09506  0.002372    0.1232       348       640    0.7195    0.6972    0.7475    0.4628   0.03758    0.1491  0.009724
   208/299     13.8G   0.02617   0.09415  0.002432    0.1228       266       640    0.7462    0.6997    0.7507    0.4642   0.03859    0.1539  0.008768
   209/299     13.8G   0.02562   0.09633  0.002351    0.1243       440       640    0.6964    0.7104    0.7258    0.4658   0.03713    0.1526   0.01066
   210/299     13.8G   0.02545   0.09456  0.002294    0.1223       312       640    0.7216    0.7175    0.7461    0.4797   0.03754    0.1488  0.008524
   211/299     13.8G   0.02553   0.09253  0.002135    0.1202       382       640    0.7196    0.7218    0.7456    0.4828   0.03732    0.1505  0.007967
   212/299     13.8G   0.02573   0.09615  0.002305    0.1242       355       640    0.7496    0.7269     0.768    0.4667   0.03942    0.1446  0.006812
   213/299     13.8G   0.02549   0.09275  0.002312    0.1206       317       640    0.7294    0.6954    0.7315    0.4326   0.04026    0.1498  0.009536
   214/299     13.8G   0.02536    0.0946  0.002356    0.1223       401       640    0.7657      0.69    0.7418    0.4602   0.03941    0.1523  0.009408
   215/299     13.8G   0.02552   0.09292  0.002477    0.1209       342       640    0.7238    0.7295    0.7507    0.4772   0.03747    0.1504  0.008792
   216/299     13.8G   0.02611   0.09203  0.002559    0.1207       295       640    0.7445    0.7121    0.7545    0.4606   0.03984    0.1545  0.008498
   217/299     13.8G   0.02496   0.09149  0.002509     0.119       306       640     0.725    0.7006    0.7212    0.4231    0.0409    0.1585  0.009692
   218/299     13.8G   0.02518   0.09126  0.002418    0.1189       278       640    0.7487       0.7    0.7294    0.4632   0.03762    0.1537  0.009252
   219/299     13.8G   0.02489   0.09266  0.002329    0.1199       373       640     0.697    0.6974    0.7096    0.4474   0.03776     0.155   0.01056
   220/299     13.8G    0.0247   0.09372  0.002328    0.1208       271       640    0.7283     0.698    0.7285    0.4549     0.039    0.1572   0.01005
   221/299     13.8G   0.02501   0.08977  0.002378    0.1172       324       640    0.6753    0.7147    0.7143     0.429   0.03939     0.156   0.01126
   222/299     13.8G   0.02515   0.08987  0.002337    0.1174       364       640     0.723    0.6832    0.7206     0.454   0.03744      0.15  0.009956
   223/299     13.8G   0.02469    0.0891  0.002266    0.1161       258       640    0.6567    0.6956    0.6802    0.4317   0.04034    0.1673   0.01171
   224/299     13.8G   0.02481   0.08916  0.002399    0.1164       300       640    0.7411    0.7011     0.737    0.4689   0.03945    0.1641   0.00808
   225/299     13.8G   0.02476   0.08811  0.002353    0.1152       313       640    0.7147    0.7151    0.7431    0.4464   0.04051    0.1562  0.008031
   226/299     13.8G    0.0244   0.09123  0.002219    0.1179       400       640    0.7173     0.713    0.7404    0.4548   0.03923    0.1575  0.008493
   227/299     13.8G   0.02452   0.08866  0.002375    0.1156       336       640    0.7728    0.6681    0.7351    0.4545   0.04022    0.1587  0.008538
   228/299     13.8G   0.02402   0.08992  0.002205    0.1161       315       640     0.733    0.6886    0.7287    0.4561   0.03779    0.1573  0.009828
   229/299     13.8G   0.02446   0.08926  0.002495    0.1162       373       640    0.7255    0.6773    0.7316    0.4697   0.03827    0.1596   0.01008
   230/299     13.8G   0.02478   0.09035  0.002262    0.1174       382       640    0.7223    0.6962    0.7195     0.427   0.04118    0.1571  0.008673
   231/299     13.8G   0.02441   0.09268  0.002197    0.1193       341       640      0.74    0.6831    0.7329    0.4759   0.03861    0.1569  0.008912
   232/299     13.8G   0.02428   0.08849  0.002188     0.115       270       640    0.7444    0.6987    0.7397    0.4838   0.03663     0.149  0.008747
   233/299     13.8G   0.02421    0.0867  0.002206    0.1131       276       640    0.7452    0.7246    0.7473    0.4547   0.03905    0.1516  0.007854
   234/299     13.8G   0.02411   0.09045  0.002289    0.1169       398       640    0.7331    0.6651    0.7099    0.4482   0.03772    0.1561   0.00993
   235/299     13.8G   0.02415   0.09172  0.002132     0.118       470       640    0.6943    0.7073    0.7098    0.4339   0.03925    0.1594  0.009397
   236/299     13.8G   0.02415   0.08978  0.002335    0.1163       332       640    0.7113      0.71    0.7304    0.4447   0.03949    0.1547  0.008785
   237/299     13.8G   0.02408   0.08723   0.00216    0.1135       279       640    0.6856    0.7264    0.6937    0.4174   0.04096    0.1602  0.009708
   238/299     13.8G   0.02389   0.09109  0.002265    0.1173       345       640    0.7465    0.7148     0.725     0.439   0.04016     0.155  0.008181
   239/299     13.8G   0.02402    0.0882  0.002243    0.1145       343       640    0.7365    0.6922    0.7248    0.4556     0.038    0.1573   0.01005
   240/299     13.8G   0.02348    0.0866  0.002298    0.1124       318       640    0.7616    0.6922    0.7328     0.465   0.03792    0.1588  0.009435
   241/299     13.8G   0.02355   0.08636   0.00225    0.1122       285       640    0.7438    0.7085    0.7403    0.4645   0.03899    0.1547  0.008128
   242/299     13.8G   0.02411     0.088  0.002259    0.1144       313       640    0.7208    0.7165    0.7268    0.4301   0.04061    0.1582   0.00858
   243/299     13.8G    0.0237   0.08749  0.002186    0.1134       395       640    0.7198     0.725    0.7444    0.4625   0.03937    0.1578  0.007814
   244/299     13.8G   0.02336   0.08793  0.002211    0.1135       289       640    0.7609    0.6916    0.7383    0.4445   0.04048    0.1561  0.008809
   245/299     13.8G   0.02327   0.08446  0.002162    0.1099       237       640     0.757    0.7044    0.7466    0.4484   0.04083    0.1599  0.007075
   246/299     13.8G   0.02334   0.08721  0.002217    0.1128       408       640    0.7583    0.7011    0.7475    0.4553   0.03925    0.1587  0.007775
   247/299     13.8G   0.02374   0.08643  0.002156    0.1123       318       640    0.7218    0.6692    0.7185    0.4506   0.04025    0.1657  0.008678
   248/299     13.8G    0.0235    0.0857  0.002109    0.1113       291       640    0.7024    0.7121    0.7235    0.4604    0.0397    0.1649  0.008178
   249/299     13.8G   0.02355   0.08603  0.002033    0.1116       360       640    0.7125    0.6921    0.7133    0.4472    0.0399    0.1641  0.009135
   250/299     13.8G   0.02389   0.08412  0.002229    0.1102       390       640    0.7006    0.7137    0.7271    0.4501   0.03995    0.1658  0.008038
   251/299     13.8G   0.02334   0.08361  0.002293    0.1092       287       640    0.7256    0.6946    0.7243     0.417   0.04332     0.168  0.007513
   252/299     13.8G   0.02331    0.0855   0.00215     0.111       378       640     0.726    0.7183     0.729    0.4424   0.04027    0.1636  0.008696
   253/299     13.8G   0.02329   0.08459  0.002104      0.11       345       640    0.6843    0.7304    0.7266      0.45   0.04016    0.1629  0.009959
   254/299     13.8G   0.02293   0.08646   0.00211    0.1115       321       640    0.7306    0.6883    0.7263    0.4647   0.03887    0.1602  0.009676
   255/299     13.8G   0.02307   0.08334   0.00231    0.1087       308       640    0.6733    0.6984    0.6941    0.4226   0.04166    0.1705   0.01027
   256/299     13.8G   0.02312    0.0837    0.0021    0.1089       359       640    0.6725    0.7327    0.7176    0.4365   0.04078    0.1659  0.009548
   257/299     13.8G    0.0228   0.08446  0.002135    0.1094       393       640    0.7524    0.7203    0.7523    0.4776    0.0389    0.1592  0.007234
   258/299     13.8G   0.02335   0.08501  0.002222    0.1106       337       640    0.7314    0.7162    0.7542    0.4797   0.03864    0.1571  0.007931
   259/299     13.8G   0.02297   0.08289  0.002225    0.1081       354       640    0.7026    0.7225     0.739    0.4719   0.03901    0.1626  0.008289
   260/299     13.8G   0.02317   0.08688  0.002059    0.1121       352       640    0.7587    0.6944    0.7454    0.4573   0.03936    0.1613  0.008253
   261/299     13.8G   0.02299   0.08418  0.002022    0.1092       331       640    0.7102    0.7091    0.7184    0.4358   0.04056    0.1651  0.009634
   262/299     13.8G   0.02301   0.08438  0.002208    0.1096       394       640    0.7313    0.7157    0.7374    0.4697   0.03871    0.1625  0.008497
   263/299     13.8G   0.02279   0.08592  0.002118    0.1108       352       640    0.6881    0.7145    0.7126    0.4349   0.04067    0.1698    0.0107
   264/299     13.8G   0.02291   0.08599  0.002192    0.1111       400       640    0.7109    0.7071    0.7231    0.4622   0.03915    0.1652   0.01039
   265/299     13.8G   0.02281   0.08241  0.002091    0.1073       267       640    0.7323    0.7087    0.7366    0.4717   0.03813    0.1612  0.009228
   266/299     13.8G   0.02279   0.08349  0.002015    0.1083       424       640    0.6878    0.7169    0.7109    0.4297   0.04133    0.1678   0.01132
   267/299     13.8G   0.02271   0.08244  0.002045    0.1072       302       640    0.7397    0.7001     0.723    0.4421    0.0402    0.1653  0.009126
   268/299     13.8G   0.02286   0.08419  0.002081    0.1091       332       640    0.7206    0.6972    0.7046    0.4276   0.04162    0.1672   0.01004
   269/299     13.8G   0.02261   0.08526  0.002166      0.11       256       640    0.6958    0.7232    0.7125    0.4415   0.04128    0.1676  0.009124
   270/299     13.8G   0.02249   0.08439  0.002027    0.1089       406       640    0.7311    0.6998    0.7274    0.4504   0.04102    0.1657  0.007963
   271/299     13.8G   0.02275   0.08379    0.0021    0.1086       333       640    0.7385     0.715    0.7384    0.4565   0.04032     0.163  0.007637
   272/299     13.8G   0.02263   0.08331  0.001906    0.1078       360       640    0.7041    0.7214    0.7281    0.4501   0.03944    0.1604  0.008792
   273/299     13.8G   0.02231   0.08363  0.002031     0.108       354       640     0.738    0.7252    0.7455    0.4615    0.0396    0.1589  0.008311
   274/299     13.8G   0.02248   0.08225  0.001947    0.1067       337       640    0.7266    0.7087    0.7254    0.4637   0.03819    0.1621   0.01062
   275/299     13.8G   0.02249   0.08124  0.002168    0.1059       273       640    0.7203     0.714    0.7306    0.4646   0.03861    0.1631  0.009673
   276/299     13.8G   0.02268   0.08353  0.002074    0.1083       241       640    0.7431    0.7139    0.7292    0.4518   0.03947    0.1604  0.009181
   277/299     13.8G   0.02202    0.0813  0.001926    0.1052       381       640    0.6969    0.7213    0.7177    0.4495   0.03845    0.1649   0.01185
   278/299     13.8G    0.0224   0.08241   0.00205    0.1069       389       640    0.7026    0.7099    0.7242    0.4629   0.03865     0.165   0.01153
   279/299     13.8G   0.02258   0.08179  0.002101    0.1065       268       640    0.7611    0.6874     0.734    0.4624   0.03937    0.1621  0.008961
   280/299     13.8G   0.02233   0.08065  0.002028     0.105       405       640    0.7212    0.7238    0.7474    0.4715   0.03971    0.1614  0.008546
   281/299     13.8G    0.0221   0.07974  0.002223    0.1041       317       640    0.7228    0.7374     0.752    0.4756   0.03985    0.1594  0.008353
   282/299     13.8G   0.02223   0.08434  0.002113    0.1087       369       640    0.7194    0.7263    0.7422    0.4658   0.03862    0.1594  0.008779
   283/299     13.8G   0.02211   0.08248  0.001888    0.1065       261       640    0.7165    0.7097    0.7169    0.4428   0.04017    0.1645  0.009996
   284/299     13.8G    0.0221    0.0842  0.002083    0.1084       436       640    0.7063    0.7107    0.7142    0.4549   0.03864    0.1656   0.01033
   285/299     13.8G   0.02239   0.08175  0.002101    0.1062       360       640    0.7197    0.7174    0.7283    0.4399   0.04182    0.1692  0.008824
   286/299     13.8G   0.02202   0.08148  0.002194    0.1057       310       640    0.6927    0.7431    0.7371    0.4582   0.03949    0.1629  0.009033
   287/299     13.8G   0.02231   0.08183  0.002026    0.1062       352       640    0.7125    0.7169    0.7249    0.4473   0.03967    0.1617   0.00951
   288/299     13.8G   0.02222   0.07927  0.002097    0.1036       339       640    0.7393    0.7062    0.7401    0.4558   0.03954      0.16  0.008624
   289/299     13.8G   0.02136   0.08019  0.001959    0.1035       350       640    0.7037    0.7317    0.7195    0.4427   0.03946     0.164  0.009744
   290/299     13.8G   0.02181   0.07754  0.002045    0.1014       269       640     0.717    0.7343    0.7382    0.4485   0.04067     0.164  0.009174
   291/299     13.8G   0.02222   0.08028  0.002034    0.1045       345       640     0.726     0.724    0.7378    0.4356   0.04125    0.1633  0.008897
   292/299     13.8G   0.02212   0.08189   0.00198     0.106       379       640    0.7333    0.7083    0.7334     0.443   0.04139    0.1684  0.008064
   293/299     13.8G   0.02173   0.08165  0.001936    0.1053       298       640    0.7115    0.7399    0.7459    0.4647   0.04019    0.1636  0.007432
   294/299     13.8G   0.02172   0.08068  0.002124    0.1045       373       640    0.7364    0.7208    0.7377    0.4466   0.04066    0.1642  0.008407
   295/299     13.8G   0.02189   0.08102   0.00205     0.105       331       640    0.7359    0.7205    0.7437    0.4573   0.03928    0.1604   0.00935
   296/299     13.8G   0.02169   0.08084  0.001909    0.1044       218       640    0.7206    0.7087    0.7234     0.433   0.04062    0.1645   0.01074
   297/299     13.8G   0.02203   0.08023  0.002037    0.1043       314       640     0.725    0.7272    0.7316    0.4308   0.04179    0.1652  0.009374
   298/299     13.8G   0.02191   0.07975  0.002037    0.1037       368       640    0.7149    0.7151     0.716     0.429    0.0405     0.164  0.009721
   299/299     13.8G   0.02227   0.08243  0.002147    0.1069       374       640    0.6893    0.7241     0.716    0.4421   0.03989    0.1659  0.009364
