     0/299      4.5G    0.1002    0.1711   0.03656    0.3079       285       640  0.002805     0.182  0.001813 0.0002763   0.09263    0.1598   0.03501
     1/299     4.48G   0.09447    0.1933   0.03412    0.3219       325       640   0.00517     0.253  0.005834 0.0009103   0.09002    0.1669   0.03275
     2/299     4.48G   0.09258    0.1911   0.03226     0.316       329       640  0.006462    0.2423  0.005927 0.0009357   0.08931    0.1686   0.03103
     3/299     4.48G   0.09175    0.1985   0.03085    0.3211       372       640  0.005893    0.2376  0.005403 0.0009608   0.08986     0.167   0.02962
     4/299     4.48G   0.09103    0.1985   0.02998    0.3195       358       640  0.005414    0.0591  0.004651  0.000709   0.09033    0.1658   0.02864
     5/299     4.48G   0.09109    0.1966   0.02929     0.317       292       640    0.3438   0.03187  0.007402  0.001269   0.09077    0.1617   0.02788
     6/299     4.48G   0.08987     0.186   0.02827    0.3041       294       640    0.3611   0.03901   0.01535  0.002709   0.09119    0.1585    0.0269
     7/299     4.48G   0.08937    0.1923   0.02756    0.3092       273       640    0.3757    0.1922   0.02449   0.00424    0.0896    0.1596   0.02529
     8/299     4.48G   0.08764    0.1878   0.02674    0.3022       298       640   0.05993     0.227   0.03957  0.007021   0.08651    0.1523    0.0232
     9/299     4.48G   0.08491    0.1872   0.02554    0.2977       261       640    0.4159    0.1535   0.04842  0.008299   0.08872    0.1456   0.02237
    10/299     4.48G   0.08225    0.1883   0.02378    0.2943       392       640    0.3855    0.1706   0.02463  0.003991    0.0916     0.145   0.02225
    11/299     4.48G   0.07959    0.1921   0.02217    0.2938       313       640    0.4377     0.124    0.0506  0.007778   0.09005    0.1441   0.02324
    12/299     4.48G   0.07642    0.1902   0.02094    0.2875       345       640    0.4537    0.2825    0.1209    0.0257    0.0774    0.1499   0.01714
    13/299     4.48G   0.07475    0.1893   0.02079    0.2849       369       640    0.7198   0.07565   0.03472  0.005244   0.09276    0.1489    0.0245
    14/299     4.48G   0.07211    0.1858   0.01993    0.2778       335       640   0.07786    0.2439   0.06399   0.01004   0.08656    0.1338   0.01926
    15/299     4.48G   0.06985    0.1801   0.01868    0.2686       228       640   0.07829     0.402   0.08245    0.0135   0.08228    0.1382   0.01809
    16/299     4.48G   0.06722    0.1764   0.01781    0.2615       333       640    0.1756    0.4187    0.2006   0.04123   0.07806    0.1304   0.01577
    17/299     4.48G     0.067    0.1763   0.01689    0.2602       336       640    0.5611    0.2929    0.2267    0.0472   0.07964    0.1407   0.01314
    18/299     4.48G   0.06728    0.1754   0.01611    0.2588       334       640    0.4964    0.2208     0.156   0.03169   0.07944    0.1365   0.01245
    19/299     4.48G   0.06299    0.1745   0.01543     0.253       354       640    0.2425    0.5361    0.3071   0.06227   0.06463    0.1429   0.01291
    20/299     4.48G   0.06179    0.1675   0.01452    0.2438       355       640    0.3601    0.5583    0.4671    0.1325   0.06431    0.1297   0.01213
    21/299     4.48G   0.06481    0.1738   0.01424    0.2528       315       640    0.4026    0.5175    0.3919   0.09784   0.06338    0.1546   0.01201
    22/299     4.48G   0.06301    0.1751   0.01298    0.2511       422       640    0.2334    0.2533    0.1355   0.02565   0.07908    0.1325   0.02007
    23/299     4.48G   0.06148    0.1797   0.01275    0.2539       332       640    0.2654    0.3759    0.2119   0.03879   0.07662    0.1256  0.009407
    24/299     4.48G   0.05985    0.1692    0.0121    0.2411       378       640    0.3486    0.4711    0.3084   0.05906    0.0713    0.1512   0.01186
    25/299     4.48G    0.0585    0.1776   0.01107    0.2472       403       640    0.2027    0.3912    0.1787   0.03012   0.07343    0.1428   0.01271
    26/299     4.48G   0.05599    0.1752   0.01052    0.2417       318       640    0.2058    0.4116     0.229   0.07688   0.06586    0.1364   0.02069
    27/299     4.48G   0.05636     0.168   0.01034    0.2347       346       640    0.5003    0.5015    0.4363   0.08349   0.06569    0.1302  0.006467
    28/299     4.48G   0.05643    0.1737  0.009627    0.2397       285       640    0.5396    0.6934    0.6233    0.1705   0.06042    0.1271  0.006839
    29/299     4.48G   0.05284    0.1676   0.00905    0.2295       329       640    0.5859    0.6717    0.6318    0.2363   0.05735    0.1271  0.007453
    30/299     4.48G   0.05348    0.1668  0.008741     0.229       293       640    0.3383    0.5878    0.4226    0.1151    0.0653     0.126   0.01185
    31/299     4.48G   0.05298    0.1634   0.00867    0.2251       324       640    0.5659    0.6746    0.6155    0.1477   0.06084    0.1178  0.006449
    32/299     4.48G   0.05235    0.1607  0.008649    0.2217       263       640    0.4543    0.4054    0.4244   0.07769   0.07619    0.1217  0.006395
    33/299     4.48G   0.05179    0.1654  0.008367    0.2255       272       640    0.3532    0.5556    0.4474    0.1534   0.05015    0.1426   0.02351
    34/299     4.48G   0.05081    0.1639  0.008327    0.2231       268       640    0.5283    0.6038    0.5469    0.1619   0.06006    0.1284  0.009542
    35/299     4.48G   0.04966    0.1565  0.008226    0.2144       286       640    0.5852    0.5963    0.5681    0.1998   0.05896    0.1251  0.007984
    36/299     4.48G    0.0511    0.1635  0.008112    0.2227       392       640    0.5383     0.671    0.6132    0.2509   0.05155    0.1222   0.01212
    37/299     4.48G   0.05001     0.163  0.007756    0.2208       384       640    0.4489     0.606    0.5357    0.1982   0.05915    0.1181   0.00974
    38/299     4.48G   0.04828    0.1676  0.007703    0.2236       305       640    0.5295    0.6909    0.6278    0.2629   0.04879    0.1281   0.01397
    39/299     4.48G   0.04945    0.1579  0.007845    0.2152       358       640    0.6396     0.686     0.673    0.2926   0.05091     0.125  0.008562
    40/299     4.48G   0.04875    0.1573  0.007566    0.2137       319       640    0.4681    0.6022    0.4903    0.1698   0.05772    0.1229   0.01256
    41/299     4.48G   0.04969    0.1591   0.00764    0.2164       302       640    0.6514     0.674    0.6845     0.288   0.04954    0.1224  0.008721
    42/299     4.48G   0.04839    0.1637  0.007303    0.2194       359       640    0.5562    0.6491    0.5837    0.1621    0.0581    0.1303   0.01271
    43/299     4.48G   0.04732    0.1596  0.007606    0.2145       394       640     0.548    0.6284     0.581    0.2029   0.05568     0.127   0.01238
    44/299     4.48G   0.04759    0.1603  0.007326    0.2152       459       640    0.5432    0.6414    0.5752    0.1869   0.05446    0.1232   0.01183
    45/299     4.48G   0.04723    0.1634  0.007135    0.2178       398       640    0.5277    0.6663    0.5838    0.3114   0.04048    0.1262   0.01602
    46/299     4.48G   0.04692    0.1594  0.007089    0.2134       331       640    0.6434    0.7761    0.7733    0.3884   0.04407    0.1196  0.006902
    47/299     4.48G   0.04617    0.1543  0.007036    0.2075       257       640    0.6372    0.7306    0.7256    0.3233    0.0462    0.1206  0.008856
    48/299     4.48G   0.04678    0.1587     0.007    0.2125       385       640     0.652    0.6332    0.6495    0.2303   0.05353    0.1262  0.008575
    49/299     4.48G   0.04657    0.1587  0.006964    0.2123       299       640    0.5067    0.6999    0.5929    0.2217   0.05279    0.1263   0.01075
    50/299     4.48G   0.04627    0.1561  0.006728     0.209       224       640    0.5574    0.7109    0.6422    0.2309   0.05452    0.1272  0.006748
    51/299     4.48G   0.04597    0.1556  0.006947    0.2085       404       640    0.6519    0.7257    0.7097    0.3855   0.03931    0.1195  0.009153
    52/299     4.48G   0.04581     0.149  0.006885    0.2017       312       640    0.5664    0.7227    0.6818    0.3377    0.0413    0.1264    0.0121
    53/299     4.48G   0.04471    0.1511  0.006864    0.2027       339       640    0.5767    0.6853    0.6492    0.2333   0.05094    0.1258    0.0126
    54/299     4.48G   0.04591    0.1514   0.00658    0.2039       309       640    0.6268    0.7455    0.7165    0.3709   0.04272    0.1254  0.008757
    55/299     4.48G    0.0455    0.1559  0.006647    0.2081       331       640    0.6579     0.644    0.6796    0.2568   0.05059    0.1237    0.0106
    56/299     4.48G   0.04428    0.1545  0.006512    0.2053       337       640    0.6426    0.7128    0.7107    0.3147   0.04422    0.1281    0.0117
    57/299     4.48G    0.0459    0.1527  0.006134    0.2047       344       640    0.6517    0.7081    0.7041    0.2512   0.05458      0.12  0.006657
    58/299     4.48G   0.04418    0.1508  0.006523    0.2015       388       640    0.5496    0.6967    0.6299    0.2937    0.0464    0.1214   0.01346
    59/299     4.48G   0.04352    0.1543  0.006305    0.2041       338       640    0.6605    0.7066    0.7144    0.3473   0.04415    0.1214  0.009699
    60/299     4.48G   0.04438    0.1482  0.006503     0.199       373       640    0.6296    0.6763     0.678    0.2129   0.05414    0.1247   0.01034
    61/299     4.48G    0.0428     0.151  0.006238       0.2       276       640    0.6598    0.7054    0.7211    0.3772   0.04207    0.1243  0.009198
    62/299     4.48G   0.04366    0.1517  0.005961    0.2013       359       640    0.6204    0.6574    0.6403    0.3047   0.04729    0.1245   0.01076
    63/299     4.48G   0.04326    0.1554  0.006203    0.2048       306       640    0.5996    0.6865    0.6599    0.2714   0.04728    0.1255   0.01122
    64/299     4.48G   0.04297    0.1497   0.00627     0.199       390       640    0.6312    0.6603    0.6638    0.3395   0.04352    0.1219   0.01259
    65/299     4.48G   0.04428    0.1511  0.006237    0.2016       352       640    0.6305    0.6908    0.6789    0.2895   0.05201    0.1198  0.009481
    66/299     4.48G   0.04378    0.1515  0.006004    0.2013       333       640    0.6303    0.7144    0.7235    0.2858   0.04859    0.1232   0.01032
    67/299     4.48G   0.04242    0.1515  0.005839    0.1998       343       640    0.6583    0.7162    0.7066    0.2989   0.04862    0.1247  0.006718
    68/299     4.48G   0.04224    0.1476  0.006213     0.196       354       640    0.5781    0.7285     0.682     0.346   0.04259    0.1288   0.01361
    69/299     4.48G   0.04231     0.149  0.006256    0.1975       377       640    0.5043    0.6566    0.5458     0.279   0.04109    0.1255   0.01876
    70/299     4.48G   0.04175      0.15  0.005738    0.1975       301       640    0.6253     0.765    0.7238    0.3525   0.04328    0.1226  0.009023
    71/299     4.48G   0.04171    0.1472  0.005874    0.1947       298       640    0.6526    0.7405    0.7419    0.3025   0.04888    0.1251  0.007975
    72/299     4.48G   0.04207     0.149  0.005938     0.197       411       640    0.6592    0.7227    0.7074     0.287   0.05057    0.1255  0.007141
    73/299     4.48G   0.04166    0.1477  0.005745    0.1951       366       640    0.6328    0.6828    0.6598     0.297   0.04845    0.1284   0.01056
    74/299     4.48G   0.04226    0.1459  0.005862     0.194       301       640    0.6367    0.7131    0.7089    0.3139   0.05045    0.1258   0.00705
    75/299     4.48G   0.04166    0.1477  0.005911    0.1953       296       640    0.6887    0.7122    0.7241    0.3765   0.04054    0.1236  0.009063
    76/299     4.48G   0.04156    0.1469   0.00577    0.1942       241       640    0.5961    0.6757    0.6565    0.2595   0.05308    0.1223   0.01056
    77/299     4.48G   0.04236    0.1428  0.006066    0.1913       341       640    0.7026    0.6952    0.7478    0.3874   0.04051    0.1226  0.009704
    78/299     4.48G   0.04059    0.1463  0.005652    0.1925       320       640    0.6878    0.7048    0.7306    0.2952   0.04969    0.1248  0.007107
    79/299     4.48G   0.04119    0.1434  0.005926    0.1905       323       640    0.6395    0.7251    0.7132    0.3818   0.03921     0.128  0.009565
    80/299     4.48G   0.04037     0.145  0.005774    0.1911       333       640    0.7194    0.7357    0.7996    0.3874   0.04431    0.1221  0.005555
    81/299     4.48G   0.04053    0.1446  0.005935     0.191       307       640    0.6391    0.7108    0.7043     0.351   0.04442    0.1287   0.01036
    82/299     4.48G   0.04111    0.1447  0.005948    0.1917       375       640    0.7281    0.7447    0.7738    0.3546   0.04491     0.119  0.007312
    83/299     4.48G   0.04001    0.1428  0.005726    0.1885       300       640    0.6844    0.7346    0.7525    0.4039   0.03849     0.118  0.009418
    84/299     4.48G   0.04163    0.1426  0.005557    0.1898       438       640    0.7329    0.7108    0.7593    0.3215    0.0476    0.1214  0.007488
    85/299     4.48G   0.03995    0.1425  0.005478    0.1879       289       640    0.7171    0.7682    0.7898    0.4224   0.04072    0.1228  0.005624
    86/299     4.48G   0.03953     0.141  0.005495     0.186       295       640    0.6615    0.7428    0.7436    0.4217    0.0389    0.1207  0.009173
    87/299     4.48G   0.04038    0.1442  0.005283    0.1899       358       640    0.6724    0.7223    0.7328    0.3283   0.04407    0.1262  0.009652
    88/299     4.48G   0.04102    0.1449  0.005487    0.1914       273       640     0.588    0.7215    0.6983    0.3766    0.0417    0.1267   0.01124
    89/299     4.48G   0.04055    0.1514   0.00523    0.1972       307       640    0.5963    0.7416     0.734    0.3879    0.0401    0.1261   0.01108
    90/299     4.48G   0.03975    0.1417  0.005364    0.1868       270       640    0.6659    0.7302    0.7419    0.4017    0.0405    0.1215   0.00911
    91/299     4.48G   0.03986    0.1417  0.005258    0.1868       282       640    0.6495    0.7579    0.7563    0.3464   0.04796    0.1214  0.007106
    92/299     4.48G   0.03933    0.1401  0.005187    0.1846       358       640    0.7211    0.7439    0.7688    0.4146    0.0415    0.1216  0.007755
    93/299     4.48G   0.03909    0.1396  0.005089    0.1837       364       640    0.5823    0.6549    0.6243    0.3419    0.0378    0.1239   0.01605
    94/299     4.48G   0.03954    0.1404   0.00515    0.1851       283       640    0.6074    0.7105    0.6978    0.3612   0.04243    0.1236   0.01042
    95/299     4.48G   0.03984     0.145  0.005162      0.19       357       640    0.6969    0.7453    0.7812    0.4682   0.03681    0.1204  0.007391
    96/299     4.48G   0.03959     0.145  0.005151    0.1897       319       640    0.6816    0.6878    0.7161    0.3953   0.03792    0.1224   0.01053
    97/299     4.48G   0.03876    0.1485    0.0052    0.1924       435       640    0.6994    0.7099    0.7355    0.3103   0.04895    0.1237   0.00815
    98/299     4.48G   0.03909    0.1429  0.005426    0.1874       301       640    0.6382    0.7526    0.7435    0.3615   0.04529    0.1249  0.008701
    99/299     4.48G   0.03866    0.1378  0.005191    0.1816       297       640    0.5695    0.7041    0.6498    0.3265   0.04362    0.1237   0.01357
   100/299     4.48G    0.0382    0.1383  0.005049    0.1816       353       640    0.6294    0.7371    0.7152     0.392    0.0395    0.1292   0.01053
   101/299     4.48G   0.03937    0.1455  0.005153    0.1901       297       640    0.6996    0.7122    0.7436    0.3923   0.04195    0.1215  0.008439
   102/299     4.48G    0.0384    0.1385  0.004918    0.1818       293       640    0.6446    0.7218    0.7217     0.382   0.04237    0.1232   0.00974
   103/299     4.48G   0.03828    0.1377  0.005096    0.1811       258       640    0.6895    0.6673    0.6918     0.348    0.0421    0.1224   0.01138
   104/299     4.48G   0.03811    0.1417  0.005099    0.1849       378       640    0.6562    0.7129    0.7282    0.3238   0.04658    0.1272  0.008888
   105/299     4.48G   0.03756    0.1373  0.004897    0.1798       298       640    0.6362    0.6862    0.6786    0.3249    0.0462    0.1293   0.01137
   106/299     4.48G   0.03848    0.1406  0.004812    0.1839       357       640    0.7103    0.6972    0.7251    0.3137    0.0496    0.1258  0.008434
   107/299     4.48G   0.03954    0.1386  0.004737    0.1829       320       640    0.6953    0.7587    0.7696    0.3522   0.04773    0.1249  0.006113
   108/299     4.48G   0.03779     0.139    0.0048    0.1816       331       640    0.7014    0.7811    0.7925    0.3464   0.04529    0.1228   0.00588
   109/299     4.48G   0.03839    0.1427  0.005095    0.1862       318       640    0.6896    0.7387      0.76    0.3447   0.04747    0.1263   0.00686
   110/299     4.48G   0.03831    0.1343  0.004664    0.1773       296       640    0.6447    0.7283    0.7368    0.3855   0.04196     0.122   0.01036
   111/299     4.48G   0.03768    0.1353  0.004698    0.1777       295       640    0.6319    0.6846    0.6874    0.3195   0.04462    0.1274   0.01294
   112/299     4.48G   0.03805    0.1385    0.0049    0.1814       352       640    0.7398    0.6985    0.7685    0.3808   0.04319    0.1209  0.007468
   113/299     4.48G    0.0372    0.1387  0.004982    0.1809       298       640    0.6594    0.7485     0.739    0.3824   0.04056    0.1243   0.01147
   114/299     4.48G   0.03817    0.1356   0.00505    0.1789       349       640    0.6865    0.7413    0.7556    0.4064   0.04239    0.1218  0.009221
   115/299     4.48G   0.03814    0.1318  0.004915    0.1748       296       640    0.6699    0.7337    0.7236     0.379   0.04093     0.126  0.009652
   116/299     4.48G   0.03721    0.1383  0.004718    0.1802       356       640    0.6244    0.7026    0.7099    0.3595   0.04158    0.1282   0.01137
   117/299     4.48G   0.03709    0.1386  0.004736    0.1804       268       640    0.6062    0.7021    0.6954    0.3981   0.03703    0.1231   0.01237
   118/299     4.48G   0.03711    0.1359  0.004706    0.1778       225       640    0.6519    0.7153    0.7247     0.332   0.04367    0.1279   0.01034
   119/299     4.48G   0.03724    0.1368  0.004742    0.1788       322       640    0.6225     0.731      0.71    0.3661   0.04127    0.1249   0.01058
   120/299     4.48G   0.03753     0.134  0.004682    0.1762       348       640    0.6469    0.7369    0.7484    0.3949   0.04104    0.1244  0.009339
   121/299     4.48G   0.03676    0.1322  0.004869    0.1738       361       640     0.685    0.7039    0.7336    0.3288   0.04517    0.1292  0.009517
   122/299     4.48G   0.03737    0.1379  0.004699    0.1799       363       640    0.6936    0.7485    0.7576    0.3657     0.045    0.1222   0.00744
   123/299     4.48G   0.03657    0.1339  0.004442    0.1749       318       640     0.679    0.6935    0.7339    0.4039   0.04012    0.1208   0.01025
   124/299     4.48G   0.03673     0.134  0.004521    0.1753       268       640    0.6775    0.7349    0.7469    0.3942   0.04229    0.1272  0.009439
   125/299     4.48G   0.03681     0.134  0.004534    0.1753       352       640    0.7045    0.7274    0.7601    0.4106   0.04143     0.124  0.008519
   126/299     4.48G   0.03631    0.1317  0.004531    0.1725       325       640    0.6939    0.7631    0.7872    0.3917   0.04296    0.1236  0.006849
   127/299     4.48G   0.03732    0.1348  0.004433    0.1765       353       640    0.7272    0.7525    0.7792    0.4201   0.03965    0.1242  0.006894
   128/299     4.48G   0.03743    0.1356  0.004408    0.1774       428       640    0.6654    0.7587    0.7676    0.3982    0.0413    0.1235  0.007726
   129/299     4.48G   0.03669    0.1388  0.004462      0.18       448       640    0.7036    0.7446    0.7686    0.4107   0.04122    0.1214  0.007746
   130/299     4.48G   0.03707    0.1351  0.004392    0.1766       230       640    0.6793    0.7415    0.7551    0.4106   0.04214    0.1254  0.007729
   131/299     4.48G   0.03659    0.1358  0.004233    0.1766       439       640    0.6732    0.7538     0.749    0.3466   0.04476    0.1225  0.008353
   132/299     4.48G   0.03631    0.1352   0.00429    0.1758       404       640    0.6893     0.743     0.764    0.4198   0.03955    0.1251  0.007697
   133/299     4.48G   0.03659    0.1298  0.004436    0.1708       326       640    0.6896    0.7185    0.7423    0.3847   0.04314    0.1244  0.008114
   134/299     4.48G   0.03627    0.1317  0.004347    0.1723       329       640    0.6612    0.7232    0.7375    0.3479   0.04478    0.1254  0.009234
   135/299     4.48G    0.0361    0.1327  0.004383    0.1732       396       640     0.677    0.7143    0.7301    0.3339   0.04403    0.1278  0.009869
   136/299     4.48G   0.03653    0.1352  0.004533    0.1763       444       640    0.6787     0.682    0.7255    0.3835   0.04196    0.1314   0.01141
   137/299     4.48G   0.03563    0.1308  0.004603     0.171       298       640    0.6426    0.7309    0.7344    0.3471   0.04623    0.1307  0.009144
   138/299     4.48G   0.03621    0.1362  0.004423    0.1768       412       640    0.6761       0.7    0.7019    0.3823   0.04043    0.1259   0.01022
   139/299     4.48G    0.0356    0.1315  0.004314    0.1714       308       640    0.7009    0.6837     0.719    0.3888   0.04065     0.124   0.01019
   140/299     4.48G   0.03582    0.1338  0.004275    0.1739       351       640     0.705    0.7361    0.7516    0.3431   0.04476    0.1268    0.0078
   141/299     4.48G   0.03559     0.132  0.004437     0.172       310       640    0.7134    0.7265    0.7549     0.408   0.04232    0.1304  0.007841
   142/299     4.48G   0.03563    0.1289  0.004004    0.1685       256       640    0.7003    0.7599    0.7701    0.4317   0.04014     0.123  0.008326
   143/299     4.48G   0.03649    0.1309  0.004335    0.1717       283       640    0.6323    0.7531     0.724    0.3634   0.04378    0.1242  0.009976
   144/299     4.48G   0.03557    0.1307  0.004257    0.1706       288       640    0.7619    0.7228    0.7773    0.4217   0.04186     0.124  0.006801
   145/299     4.48G   0.03531    0.1275   0.00409    0.1669       265       640    0.7144    0.6859    0.7275    0.3854   0.04162    0.1284  0.009158
   146/299     4.48G   0.03553    0.1323  0.004138     0.172       372       640    0.7355    0.7187    0.7631    0.3859   0.04406    0.1268  0.006601
   147/299     4.48G   0.03561    0.1301  0.004272      0.17       347       640     0.619    0.7361    0.7035    0.4209   0.03615    0.1244   0.01204
   148/299     4.48G   0.03563    0.1317  0.004199    0.1715       347       640    0.6887    0.7353    0.7496    0.3733   0.04317    0.1256  0.008269
   149/299     4.48G   0.03548    0.1302  0.004219    0.1699       278       640    0.6579     0.712    0.7088    0.3352   0.04628     0.134    0.0099
   150/299     4.48G   0.03513    0.1302  0.004012    0.1694       296       640    0.6787    0.6674    0.6969     0.329   0.04597    0.1346   0.01066
   151/299     4.48G   0.03485    0.1324  0.004099    0.1713       378       640    0.8001    0.6884    0.7678    0.4391   0.03944    0.1291  0.005752
   152/299     4.48G   0.03574    0.1311  0.004163     0.171       289       640    0.7215    0.7571    0.7765    0.3856   0.04402    0.1303  0.005528
   153/299     4.48G   0.03508    0.1315  0.003948    0.1705       363       640    0.6929    0.7488    0.7671    0.3941   0.04145    0.1275  0.007616
   154/299     4.48G    0.0352    0.1319   0.00407    0.1711       368       640    0.6841    0.6749    0.7034    0.3417   0.04425    0.1323  0.009867
   155/299     4.48G   0.03532    0.1298  0.004203    0.1694       415       640    0.6932    0.6824    0.7171    0.3432    0.0451    0.1313   0.01099
   156/299     4.48G   0.03479    0.1308  0.004141    0.1697       286       640    0.6546    0.6955    0.6949    0.3068   0.04754    0.1353   0.01017
   157/299     4.48G   0.03449    0.1285  0.004189    0.1672       446       640    0.6621    0.7457     0.746    0.3851    0.0419    0.1287  0.008361
   158/299     4.48G   0.03481    0.1275  0.003953    0.1663       415       640    0.6752    0.7468    0.7606    0.4242   0.03884    0.1237  0.008696
   159/299     4.48G   0.03481    0.1296   0.00403    0.1684       380       640    0.7079    0.7285    0.7585    0.3408   0.04593    0.1267  0.008129
   160/299     4.48G   0.03433    0.1224  0.003876    0.1606       298       640    0.6492    0.7641    0.7572     0.374    0.0434    0.1263  0.008834
   161/299     4.48G   0.03494    0.1253  0.004028    0.1643       276       640    0.6852     0.715    0.7187    0.3297   0.04596    0.1326   0.01021
   162/299     4.48G   0.03435    0.1267  0.003694    0.1647       303       640    0.7212    0.7134    0.7412    0.3734   0.04377    0.1329  0.008232
   163/299     4.48G   0.03434    0.1266   0.00402     0.165       325       640    0.6883     0.715    0.7386    0.3333   0.04619    0.1342   0.00833
   164/299     4.48G   0.03495    0.1221  0.004024    0.1611       355       640    0.6739    0.7051    0.7143    0.3551   0.04325    0.1323   0.01024
   165/299     4.48G    0.0345     0.124  0.004018    0.1625       389       640    0.7022    0.7063    0.7192    0.3623   0.04425    0.1409  0.007448
   166/299     4.48G   0.03416    0.1256  0.003871    0.1636       284       640    0.6952    0.6971    0.7271    0.3311   0.04667    0.1337  0.009303
   167/299     4.48G   0.03427    0.1251  0.003717    0.1631       269       640    0.7045    0.6903    0.7317    0.4251   0.03837    0.1295   0.01059
   168/299     4.48G   0.03413    0.1312  0.003831    0.1691       338       640    0.7294    0.7108     0.745    0.3969   0.04195    0.1309  0.007626
   169/299     4.48G   0.03467    0.1338  0.003925    0.1724       467       640    0.6794    0.7171     0.722    0.3373   0.04476    0.1293  0.009393
   170/299     4.48G    0.0341    0.1249  0.003743    0.1628       342       640    0.7067    0.7413    0.7499    0.3366   0.04703    0.1311  0.007428
   171/299     4.48G   0.03456    0.1257  0.003893    0.1642       272       640    0.6556    0.6989    0.6921    0.3256   0.04436    0.1345    0.0117
   172/299     4.48G   0.03471    0.1268  0.003904    0.1654       351       640    0.6673    0.6914    0.6929    0.3233    0.0429    0.1326   0.01249
   173/299     4.48G   0.03398    0.1239    0.0037    0.1615       414       640    0.7201     0.686    0.7236     0.368   0.04361    0.1379  0.007745
   174/299     4.48G   0.03353    0.1281  0.003922    0.1655       267       640    0.6769    0.7266    0.7311    0.3772   0.04129    0.1306  0.009457
   175/299     4.48G    0.0337     0.123  0.003839    0.1605       307       640    0.6706    0.7162     0.722    0.4071    0.0383    0.1324  0.009767
   176/299     4.48G   0.03397    0.1253   0.00383    0.1631       412       640    0.6639    0.7053     0.712     0.341   0.04356    0.1362   0.01053
   177/299     4.48G   0.03385    0.1234  0.003776     0.161       289       640    0.6244    0.6676    0.6683    0.3698   0.03884    0.1333   0.01429
   178/299     4.48G   0.03339    0.1222  0.003687    0.1593       283       640    0.6692    0.6856    0.6828    0.3234   0.04468    0.1367   0.01213
   179/299     4.48G   0.03394    0.1266  0.003719    0.1643       275       640    0.7226    0.7146    0.7491     0.406   0.04037    0.1336  0.008402
   180/299     4.48G   0.03349    0.1246  0.003567    0.1617       256       640    0.6415    0.7143    0.7085    0.3393   0.04541    0.1388   0.01044
   181/299     4.48G   0.03352    0.1218  0.003751     0.159       387       640    0.6228    0.7476     0.707    0.3512   0.04563    0.1437  0.009433
   182/299     4.48G   0.03358    0.1232  0.003637    0.1605       309       640    0.6235    0.7528    0.7176    0.3951   0.04016    0.1322   0.01173
   183/299     4.48G   0.03334    0.1234  0.003748    0.1605       317       640    0.6955    0.6965    0.7066    0.3257   0.04548    0.1362   0.01075
   184/299     4.48G   0.03358    0.1273  0.003795    0.1646       311       640    0.7147    0.7024    0.7357    0.3688   0.04275    0.1357  0.009157
   185/299     4.48G   0.03353    0.1242  0.003655    0.1614       228       640    0.6853    0.7045    0.7033    0.3778   0.04025    0.1343   0.01147
   186/299     4.48G    0.0333    0.1258   0.00366    0.1627       406       640    0.6521    0.7163    0.6841    0.3518   0.04216    0.1358   0.01297
   187/299     4.48G   0.03346     0.125   0.00354     0.162       240       640    0.6987    0.6885    0.6998    0.3771   0.04111    0.1333   0.01219
   188/299     4.48G   0.03381    0.1247  0.003722    0.1622       201       640    0.6371    0.7341     0.712    0.3648   0.04238    0.1381   0.01029
   189/299     4.48G   0.03317    0.1217  0.003593    0.1585       348       640    0.6902    0.6608    0.6913    0.3211   0.04744    0.1429   0.01005
   190/299     4.48G   0.03316    0.1218  0.003816    0.1588       397       640    0.6864    0.7144    0.7177    0.3532   0.04448    0.1376  0.009617
   191/299     4.48G   0.03307    0.1216  0.003611    0.1583       349       640    0.6252    0.7681    0.7143    0.3601   0.04325    0.1349  0.009991
   192/299     4.48G   0.03303    0.1199   0.00356    0.1564       371       640    0.6698    0.6962    0.6898    0.3239   0.04674    0.1401   0.01118
   193/299     4.48G   0.03297    0.1243  0.003596    0.1608       354       640    0.6861    0.6763    0.6863    0.3135   0.04692    0.1424   0.01104
   194/299     4.48G   0.03273    0.1233  0.003412    0.1595       314       640    0.6759    0.6846    0.6919    0.3184   0.04743    0.1422  0.009531
   195/299     4.48G   0.03286    0.1264  0.003654    0.1629       397       640    0.6915    0.7402     0.733    0.3832   0.04238    0.1394  0.007762
   196/299     4.48G    0.0329    0.1194  0.003568    0.1559       309       640    0.6776     0.704     0.712     0.375   0.04347    0.1419  0.009445
   197/299     4.48G   0.03261    0.1178  0.003361    0.1538       239       640    0.6661    0.6866    0.7055    0.3435   0.04582    0.1433  0.009474
   198/299     4.48G   0.03302    0.1209  0.003944    0.1578       374       640    0.6794    0.6933    0.7013    0.3238   0.04524    0.1394   0.01118
   199/299     4.48G   0.03272    0.1215  0.003344    0.1576       298       640    0.6782    0.6935    0.6927    0.3587   0.04238    0.1396   0.01133
   200/299     4.48G   0.03315    0.1202  0.003405    0.1567       293       640    0.6134    0.7122      0.67    0.3655   0.04013    0.1398   0.01291
   201/299     4.48G   0.03248    0.1176  0.003497    0.1536       327       640     0.665    0.6463    0.6766     0.345   0.04281    0.1418   0.01236
   202/299     4.48G   0.03264    0.1223  0.003422    0.1584       367       640    0.6812     0.725    0.7251    0.3536   0.04493    0.1378  0.008707
   203/299     4.48G   0.03251    0.1164  0.003486    0.1524       327       640    0.6546    0.7083    0.6889    0.3253   0.04511    0.1424   0.01121
   204/299     4.48G   0.03302    0.1255  0.003587    0.1621       359       640    0.6506    0.7277    0.7087     0.366   0.04136    0.1372    0.0112
   205/299     4.48G   0.03243    0.1175  0.003306    0.1533       410       640    0.6772    0.7104    0.7134    0.3174   0.04768    0.1446   0.00897
   206/299     4.48G   0.03272    0.1195  0.003444    0.1556       283       640    0.6435     0.733      0.72    0.3511   0.04372    0.1367   0.01032
   207/299     4.48G   0.03258     0.116  0.003495    0.1521       341       640    0.6132    0.6759    0.6544    0.3537   0.03985    0.1403   0.01514
   208/299     4.48G   0.03243    0.1159  0.003607     0.152       250       640    0.6271    0.6901    0.6893    0.3838   0.03939    0.1388   0.01364
   209/299     4.48G   0.03219    0.1165  0.003335    0.1521       365       640    0.6729    0.6705     0.697    0.3368   0.04578    0.1418   0.01088
   210/299     4.48G   0.03262    0.1189  0.003525    0.1551       374       640    0.6828    0.6956     0.702    0.3512   0.04254    0.1407   0.01193
   211/299     4.48G   0.03234    0.1232  0.003381     0.159       341       640    0.6726     0.736     0.726    0.3354   0.04608    0.1376  0.008951
   212/299     4.48G    0.0322    0.1183  0.003456     0.154       459       640     0.662    0.6472    0.6698    0.3249   0.04552    0.1445   0.01261
   213/299     4.48G    0.0319    0.1185  0.003239    0.1536       342       640    0.6592    0.7262    0.7056    0.3482   0.04526    0.1445  0.009491
   214/299     4.48G   0.03218    0.1191  0.003358    0.1546       401       640    0.6855    0.7339     0.729    0.3436   0.04532    0.1416  0.008915
   215/299     4.48G   0.03183    0.1155  0.003333    0.1507       353       640    0.6568    0.6682    0.6565    0.3278   0.04311    0.1414    0.0141
   216/299     4.48G   0.03182    0.1165  0.003368    0.1517       425       640    0.6717    0.6971    0.7111    0.3428   0.04433     0.142   0.01072
   217/299     4.48G   0.03203    0.1148  0.003444    0.1503       308       640    0.6674     0.699    0.7032    0.3539   0.04421    0.1462   0.01063
   218/299     4.48G   0.03188     0.118  0.003394    0.1532       293       640    0.6987    0.6726    0.6908    0.3422   0.04489    0.1426   0.01072
   219/299     4.48G   0.03189    0.1154  0.003376    0.1507       344       640    0.5901    0.7231    0.6508    0.3741   0.03917    0.1411    0.0144
   220/299     4.48G   0.03173    0.1169  0.003247    0.1519       249       640    0.6687    0.7226    0.7155    0.3456   0.04472    0.1439    0.0106
   221/299     4.48G   0.03161    0.1173  0.003282    0.1522       242       640    0.6952    0.7058     0.714    0.3284   0.04605    0.1413   0.01022
   222/299     4.48G   0.03168    0.1177  0.003302    0.1527       417       640    0.6839    0.7212       0.7    0.3457   0.04264    0.1367   0.01185
   223/299     4.48G   0.03158    0.1131  0.003307     0.148       300       640    0.6746    0.7185    0.7144    0.3498   0.04295     0.138   0.01191
   224/299     4.48G   0.03173    0.1159  0.003388     0.151       334       640    0.6942    0.6522     0.693    0.3433   0.04306    0.1427   0.01316
   225/299     4.48G    0.0314    0.1114  0.003219     0.146       250       640    0.6835    0.7002    0.7116    0.3194   0.04607    0.1462   0.01079
   226/299     4.48G   0.03134    0.1154  0.003167    0.1499       297       640    0.7029    0.7042    0.7223    0.3542   0.04513    0.1423  0.008636
   227/299     4.48G   0.03158    0.1154  0.003265    0.1502       305       640     0.683    0.7116    0.7159    0.3641   0.04359    0.1452  0.009125
   228/299     4.48G   0.03102     0.113   0.00324    0.1472       279       640    0.6823     0.681    0.6901    0.3457   0.04229    0.1398   0.01248
   229/299     4.48G   0.03131    0.1131  0.003039    0.1474       222       640    0.6851    0.6838    0.6984    0.3739   0.04185    0.1444   0.01106
   230/299     4.48G   0.03151    0.1155  0.003215    0.1502       388       640     0.689    0.6524    0.6789    0.3385   0.04453    0.1437   0.01148
   231/299     4.48G   0.03128     0.117  0.003397    0.1517       290       640    0.7293    0.6865     0.713    0.3618   0.04399    0.1444   0.00889
   232/299     4.48G   0.03123    0.1117  0.003207    0.1462       269       640    0.7099    0.7093    0.7329    0.3897   0.04281    0.1469  0.008726
   233/299     4.48G   0.03118    0.1162  0.003183    0.1506       303       640     0.693    0.6719    0.6963    0.3389   0.04464    0.1499   0.01109
   234/299     4.48G   0.03119    0.1104  0.003187    0.1448       270       640    0.6624    0.6909    0.6772     0.342   0.04292    0.1432   0.01269
   235/299     4.48G   0.03111    0.1143  0.003044    0.1484       302       640    0.6526    0.7288    0.7026    0.3402   0.04448    0.1458   0.01064
   236/299     4.48G   0.03111    0.1157  0.003234    0.1501       309       640    0.6519     0.718    0.6981    0.3302   0.04563    0.1433   0.01095
   237/299     4.48G   0.03094    0.1116   0.00297    0.1455       285       640      0.66    0.7012    0.6918    0.3641   0.04221    0.1436   0.01237
   238/299     4.48G   0.03091    0.1109  0.003113    0.1449       320       640    0.6464    0.7106    0.6824    0.3261   0.04512    0.1452   0.01193
   239/299     4.48G   0.03114    0.1142  0.003168    0.1485       307       640    0.6817    0.7083     0.695    0.3529   0.04321    0.1482   0.01061
   240/299     4.48G   0.03113    0.1096  0.003055    0.1438       317       640    0.6955    0.7013    0.7189     0.348   0.04378    0.1436   0.01001
   241/299     4.48G   0.03096    0.1136   0.00323    0.1478       332       640    0.6972    0.7152    0.7218    0.3674   0.04358    0.1438  0.009215
   242/299     4.48G   0.03114    0.1147  0.003215    0.1491       361       640    0.6665    0.6856    0.6905    0.3318     0.045    0.1462   0.01185
   243/299     4.48G   0.03075    0.1093  0.002969     0.143       413       640    0.6486    0.6982    0.6801    0.3169   0.04778    0.1507   0.01067
   244/299     4.48G   0.03115    0.1126  0.003081    0.1468       336       640    0.6695    0.7025    0.6942    0.3733   0.04387    0.1478  0.009301
   245/299     4.48G   0.03065    0.1082  0.003274    0.1422       358       640    0.6852    0.6967    0.7016    0.3563    0.0438    0.1494   0.01049
   246/299     4.48G   0.03099    0.1139  0.003335    0.1483       354       640    0.6652    0.7014    0.6972    0.3447   0.04595    0.1495   0.01044
   247/299     4.48G   0.03054    0.1126  0.003106    0.1462       325       640     0.631    0.7207    0.6848     0.348   0.04314    0.1462   0.01311
   248/299     4.48G   0.03112    0.1138  0.003119    0.1481       323       640    0.6428    0.7352    0.7055    0.3805    0.0411    0.1429   0.01046
   249/299     4.48G   0.03057    0.1141  0.002923    0.1476       361       640    0.6909     0.677    0.7058    0.3216   0.04657    0.1453   0.01109
   250/299     4.48G   0.03093    0.1119  0.003296    0.1461       314       640    0.7127    0.6938     0.713    0.3417   0.04609    0.1463  0.009562
   251/299     4.48G   0.03115    0.1118  0.002997    0.1459       339       640    0.6608    0.6725    0.6759    0.3318   0.04421    0.1451   0.01259
   252/299     4.48G   0.03046    0.1146  0.003076    0.1481       366       640    0.6505    0.6739    0.6643    0.3557   0.04219    0.1473   0.01348
   253/299     4.48G   0.03078    0.1124  0.003029    0.1462       312       640    0.6281    0.6771    0.6589     0.339   0.04326    0.1494   0.01432
   254/299     4.48G   0.03056    0.1119  0.003015    0.1455       302       640    0.6511    0.6951    0.6853     0.328   0.04575    0.1477   0.01184
   255/299     4.48G   0.03026    0.1115  0.002893    0.1447       347       640    0.7298     0.671     0.709    0.3435   0.04456    0.1471  0.009831
   256/299     4.48G   0.03051    0.1113   0.00297    0.1447       337       640    0.6264    0.7119     0.685    0.3551    0.0431    0.1463    0.0121
   257/299     4.48G    0.0301      0.11  0.003072    0.1432       416       640    0.6412    0.6742    0.6576    0.3349   0.04377    0.1505   0.01405
   258/299     4.48G   0.03053    0.1079  0.003019    0.1415       388       640    0.7293    0.6365    0.6685      0.35   0.04396    0.1541   0.01272
   259/299     4.48G   0.03054     0.114  0.002992    0.1475       358       640    0.7113    0.6639    0.6817    0.3636   0.04303    0.1515   0.01222
   260/299     4.48G   0.03035    0.1079   0.00295    0.1412       257       640    0.6578     0.703    0.6709     0.351   0.04279    0.1484   0.01424
   261/299     4.48G   0.03005     0.107  0.002928      0.14       332       640    0.6552     0.686    0.6807    0.3647   0.04282    0.1536   0.01265
   262/299     4.48G    0.0306    0.1122  0.003166    0.1459       391       640    0.7011    0.6729    0.6831    0.3688   0.04246    0.1527   0.01196
   263/299     4.48G   0.03047     0.111  0.002869    0.1444       354       640    0.6865    0.6833    0.6849    0.3682   0.04231    0.1517   0.01228
   264/299     4.48G   0.03032     0.111   0.00293    0.1442       294       640    0.6247    0.7201    0.6817    0.3644   0.04128    0.1462   0.01372
   265/299     4.48G   0.03027    0.1113  0.003036    0.1446       452       640    0.6893    0.7093    0.7049    0.3512    0.0449    0.1521   0.00999
   266/299     4.48G    0.0301     0.112  0.002845     0.145       275       640    0.6521    0.6872    0.6737    0.3435   0.04435    0.1539   0.01306
   267/299     4.48G   0.03017    0.1089   0.00285    0.1419       327       640    0.6785    0.6556    0.6689     0.334   0.04485    0.1544    0.0125
   268/299     4.48G    0.0304    0.1104  0.002977    0.1438       301       640     0.684    0.6937    0.6906    0.3288   0.04612    0.1504   0.01076
   269/299     4.48G   0.03004    0.1071  0.003133    0.1403       295       640    0.6784    0.6721    0.6879     0.337   0.04589    0.1529   0.01166
   270/299     4.48G   0.02994      0.11  0.002996    0.1429       313       640    0.6507    0.7074    0.6964     0.344   0.04577    0.1514   0.01195
   271/299     4.48G   0.02964    0.1078  0.003107    0.1406       249       640    0.6791    0.7073    0.7141    0.3699    0.0428    0.1448   0.01195
   272/299     4.48G    0.0298    0.1085  0.002936    0.1412       243       640    0.6755    0.7259    0.7081    0.3399   0.04557    0.1494   0.01095
   273/299     4.48G   0.02981    0.1113  0.002952     0.144       340       640     0.691     0.684    0.6941      0.35   0.04334    0.1476    0.0109
   274/299     4.48G    0.0299    0.1092  0.002892     0.142       358       640    0.6836    0.6828      0.69    0.3321   0.04499    0.1486   0.01171
   275/299     4.48G   0.03005    0.1075  0.002834    0.1404       276       640    0.6836     0.684    0.6945    0.3567   0.04335    0.1496    0.0119
   276/299     4.48G   0.02996    0.1082  0.002823     0.141       264       640    0.6464    0.6718    0.6698    0.3262   0.04593     0.153   0.01392
   277/299     4.48G   0.02967    0.1059   0.00295    0.1385       346       640    0.6471    0.7294    0.7013    0.3622   0.04282    0.1473   0.01172
   278/299     4.48G   0.02961    0.1084  0.002787    0.1408       346       640    0.6808    0.6866    0.7018    0.3511   0.04405    0.1481   0.01198
   279/299     4.48G    0.0298    0.1072   0.00287    0.1399       257       640    0.6975    0.7103    0.7086    0.3556   0.04405    0.1467   0.01044
   280/299     4.48G   0.02995    0.1062  0.002978    0.1392       237       640    0.7047    0.7175     0.713     0.372   0.04331    0.1487  0.008416
   281/299     4.48G   0.02972    0.1089  0.002706    0.1414       192       640    0.6964    0.7089    0.7011    0.3669   0.04281    0.1469    0.0105
   282/299     4.48G      0.03    0.1124  0.002953    0.1454       311       640    0.7075    0.7044    0.7241    0.3795   0.04384    0.1498  0.008832
   283/299     4.48G   0.02957    0.1059  0.002792    0.1383       256       640    0.7047    0.7252    0.7312    0.3772   0.04318    0.1467  0.009497
   284/299     4.48G    0.0297    0.1081  0.002738    0.1405       353       640    0.6557     0.705    0.6878    0.3381   0.04478    0.1514   0.01296
   285/299     4.48G   0.02954    0.1098  0.002761    0.1421       387       640    0.7115    0.7027    0.7132    0.3709   0.04346    0.1466   0.01062
   286/299     4.48G   0.02955    0.1099  0.002906    0.1423       484       640    0.6884    0.6828    0.6871     0.348   0.04367    0.1479   0.01341
   287/299     4.48G   0.02981    0.1098  0.002961    0.1426       373       640    0.6703    0.7225    0.7026    0.3796   0.04176    0.1452   0.01248
   288/299     4.48G   0.02999    0.1085  0.002891    0.1413       353       640    0.6784    0.6858    0.6955    0.3709   0.04185    0.1509   0.01226
   289/299     4.48G   0.02987    0.1063  0.002812    0.1389       290       640    0.6868    0.6911    0.7014    0.3439   0.04483    0.1516   0.01129
   290/299     4.48G   0.02944    0.1066  0.002857    0.1389       416       640    0.6764    0.7248    0.7253    0.3953   0.04134    0.1457   0.01073
   291/299     4.48G   0.02945    0.1117  0.002769    0.1439       310       640    0.6532    0.6985    0.6975    0.3625   0.04298    0.1489    0.0118
   292/299     4.48G   0.02926    0.1091  0.002749    0.1411       299       640    0.6436    0.7284     0.695    0.3598   0.04199    0.1475   0.01286
   293/299     4.48G    0.0296    0.1065  0.002738    0.1389       203       640    0.6802    0.6873    0.6943    0.3594   0.04404    0.1541   0.01188
   294/299     4.48G   0.02956    0.1063  0.002667    0.1386       326       640    0.6832    0.6823    0.6982    0.3453   0.04518    0.1546   0.01132
   295/299     4.48G   0.02939    0.1038   0.00296    0.1361       253       640     0.723    0.6928    0.7156     0.351   0.04509    0.1512  0.009953
   296/299     4.48G   0.02959    0.1108  0.002861    0.1432       281       640    0.7154    0.6496      0.69    0.3306   0.04539    0.1513   0.01271
   297/299     4.48G   0.02966    0.1053   0.00285    0.1378       416       640    0.6995    0.6849    0.7148    0.3539   0.04518    0.1503   0.01026
   298/299     4.48G   0.02962    0.1063  0.002975    0.1389       345       640    0.6978    0.6862    0.7077    0.3544   0.04458    0.1488    0.0114
   299/299     4.48G   0.02932    0.1059    0.0028     0.138       274       640    0.6612     0.724    0.7056    0.3751   0.04195    0.1495    0.0122
