     0/299      4.5G    0.1001    0.1712   0.03655    0.3079       285       640  0.002769    0.1797   0.00168 0.0002438    0.0926    0.1598   0.03501
     1/299     4.48G   0.09438    0.1935    0.0341     0.322       325       640  0.005026     0.247  0.005497 0.0008603      0.09    0.1669   0.03275
     2/299     4.48G   0.09267    0.1909   0.03225    0.3158       329       640  0.006226    0.1631  0.006007 0.0009434   0.08942    0.1685     0.031
     3/299     4.48G   0.09189    0.1982   0.03087     0.321       372       640  0.004942    0.3038  0.005514 0.0009031    0.0903     0.166   0.02961
     4/299     4.48G    0.0911    0.1983   0.03001    0.3195       358       640  0.005469    0.2979  0.005686 0.0009799   0.09146    0.1621   0.02873
     5/299     4.48G   0.09121    0.1963   0.02933    0.3168       292       640   0.01031   0.08038  0.008221  0.001623   0.09199     0.159   0.02796
     6/299     4.48G      0.09    0.1858   0.02834    0.3041       294       640    0.3495    0.1005   0.01637  0.002599   0.09126    0.1569   0.02687
     7/299     4.48G   0.08956    0.1919   0.02764    0.3091       273       640   0.04531     0.267   0.02595  0.004499   0.09021    0.1537   0.02552
     8/299     4.48G   0.08805    0.1871   0.02692    0.3021       298       640   0.09174    0.1501   0.05664   0.01069   0.08801     0.149   0.02422
     9/299     4.48G   0.08558    0.1863   0.02588    0.2978       261       640   0.07676     0.178   0.05204   0.00947   0.08634    0.1442   0.02234
    10/299     4.48G   0.08279    0.1873    0.0243    0.2944       392       640    0.4349    0.1541   0.05509   0.00964   0.09082    0.1383    0.0226
    11/299     4.48G   0.08001    0.1921   0.02261    0.2947       313       640     0.462    0.2184   0.09756   0.01756   0.08215    0.1436    0.0196
    12/299     4.48G    0.0766    0.1896   0.02127    0.2875       345       640    0.7288      0.13   0.06224   0.01222   0.09107    0.1483   0.02413
    13/299     4.48G   0.07407    0.1875   0.02065    0.2823       369       640   0.04647    0.1494   0.02899  0.004737   0.09648    0.1356   0.02121
    14/299     4.48G    0.0728    0.1866   0.02024    0.2796       335       640    0.7912    0.1487    0.1144   0.02711   0.08752    0.1516   0.02794
    15/299     4.48G   0.07063    0.1826   0.01886    0.2721       228       640   0.04614    0.2152   0.02503  0.004726   0.09043    0.1603    0.0263
    16/299     4.48G   0.06909    0.1762   0.01793    0.2632       333       640   0.05957    0.2044      0.05  0.007814   0.09415    0.1179   0.01472
    17/299     4.48G   0.06859    0.1748   0.01692    0.2604       336       640    0.1397    0.2529   0.09792   0.01736   0.08695    0.1227   0.01321
    18/299     4.48G   0.06616    0.1766   0.01607    0.2589       334       640      0.14    0.4624    0.1331   0.02328   0.08209    0.1332   0.01179
    19/299     4.48G   0.06314    0.1737   0.01541    0.2523       354       640    0.1983     0.457    0.1737   0.03491   0.07155    0.1316   0.01313
    20/299     4.48G   0.06233    0.1671   0.01444    0.2439       355       640    0.2804    0.4557    0.3398   0.08258   0.07036    0.1406   0.01049
    21/299     4.48G   0.06331    0.1741   0.01417    0.2515       315       640    0.2184    0.3885    0.1478   0.03855   0.08094    0.1572   0.02385
    22/299     4.48G   0.06646    0.1734   0.01336    0.2532       422       640    0.1235    0.1928    0.1049   0.02141   0.08158    0.1473   0.01524
    23/299     4.48G   0.06162    0.1795   0.01288     0.254       332       640    0.3801    0.4822    0.3619    0.0784   0.06368    0.1301   0.01353
    24/299     4.48G    0.0588    0.1713   0.01247    0.2425       378       640     0.428    0.5403    0.4308     0.102   0.06314    0.1286   0.01094
    25/299     4.48G   0.05917    0.1778   0.01121    0.2482       403       640    0.3121    0.4467    0.3517   0.09698   0.07405    0.1358  0.008682
    26/299     4.48G   0.05752    0.1747   0.01083     0.243       318       640    0.5339    0.6262    0.5853    0.1637   0.06223    0.1315  0.005585
    27/299     4.48G   0.05747    0.1679   0.01062     0.236       346       640    0.4842    0.5966    0.4807    0.1014    0.0661    0.1424   0.00623
    28/299     4.48G   0.05512    0.1752  0.009731      0.24       285       640    0.4649    0.5643    0.4742    0.1505   0.05866    0.1288   0.01227
    29/299     4.48G   0.05322    0.1671  0.009212    0.2295       329       640    0.6411    0.6984    0.7163    0.2159   0.05585    0.1273  0.006274
    30/299     4.48G   0.05473    0.1657   0.00889    0.2293       293       640    0.3372    0.4874    0.3849   0.09568   0.07064    0.1252   0.01266
    31/299     4.48G   0.05239    0.1641  0.008917    0.2254       324       640    0.6349    0.6465    0.6319    0.1644   0.06003    0.1188  0.006973
    32/299     4.48G    0.0519    0.1613  0.008767     0.222       263       640    0.4209    0.5404    0.4753    0.1667   0.06682    0.1292   0.00746
    33/299     4.48G   0.05151    0.1654   0.00861    0.2255       272       640    0.5032     0.565    0.4814    0.1473   0.05493    0.1405   0.01516
    34/299     4.48G   0.05079    0.1648  0.008581    0.2242       268       640    0.6034    0.6291    0.6338    0.2579   0.05379    0.1239  0.008768
    35/299     4.48G   0.05083    0.1571  0.008426    0.2163       286       640    0.6083     0.569    0.5557    0.1978   0.05874    0.1242  0.008873
    36/299     4.48G   0.05136    0.1645  0.008315    0.2242       392       640    0.4366    0.5095    0.4181    0.1388   0.05463    0.1289   0.01913
    37/299     4.48G   0.04975    0.1641  0.007923    0.2218       384       640    0.4487    0.5747    0.5292    0.2623   0.05747    0.1176   0.01073
    38/299     4.48G    0.0491    0.1669  0.007888    0.2239       305       640    0.6227    0.6813    0.6949    0.3107   0.04678    0.1224  0.009021
    39/299     4.48G   0.04915    0.1582  0.007883    0.2152       358       640    0.4971    0.6647    0.5364    0.1725   0.05784    0.1323   0.01049
    40/299     4.48G   0.04829    0.1583  0.007597    0.2142       319       640    0.4526    0.5383    0.4472    0.1225   0.06309    0.1221   0.01126
    41/299     4.48G   0.04891    0.1594  0.007603    0.2159       302       640    0.6234    0.6909    0.6688     0.274   0.05251    0.1217  0.006802
    42/299     4.48G    0.0488    0.1643  0.007316    0.2204       359       640    0.5572    0.6496    0.5987    0.1828    0.0534    0.1267   0.01316
    43/299     4.48G   0.04795    0.1592  0.007617    0.2148       394       640    0.5792    0.6635    0.6155    0.2272   0.05555    0.1241  0.009041
    44/299     4.48G   0.04666    0.1609  0.007454     0.215       459       640    0.6458    0.7032    0.6851    0.2695   0.05152    0.1258  0.006626
    45/299     4.48G   0.04753    0.1646  0.007212    0.2193       398       640    0.5368    0.5468    0.5191    0.1975   0.05968     0.123  0.009724
    46/299     4.48G    0.0468    0.1597  0.007172    0.2137       331       640    0.5392    0.6226    0.5585    0.2174   0.05943    0.1246  0.006591
    47/299     4.48G   0.04803    0.1535     0.007    0.2085       257       640    0.6047    0.7717    0.7236    0.3303   0.04522    0.1227  0.008386
    48/299     4.48G   0.04743    0.1593  0.007158    0.2139       385       640    0.6391    0.5918    0.6271    0.2781   0.04847     0.121   0.01158
    49/299     4.48G   0.04641    0.1591  0.006959    0.2125       299       640    0.5561     0.657    0.6012    0.2243   0.05414    0.1235  0.008683
    50/299     4.48G   0.04638    0.1563  0.006706    0.2093       224       640    0.4493    0.5803    0.4846    0.1924   0.05388    0.1263   0.01373
    51/299     4.48G   0.04552    0.1553  0.006859    0.2076       404       640    0.5768    0.6831    0.6292    0.2789    0.0485     0.125   0.01038
    52/299     4.48G   0.04599    0.1489  0.006841    0.2017       312       640    0.6314    0.6625    0.6754    0.2638   0.04902    0.1255   0.01246
    53/299     4.48G   0.04485    0.1518  0.006858    0.2035       339       640    0.5877    0.7304    0.6913    0.2884   0.04722    0.1253   0.01143
    54/299     4.48G   0.04563    0.1516  0.006612    0.2039       309       640    0.6214    0.6143    0.6212    0.3271   0.04006    0.1311   0.01196
    55/299     4.48G   0.04557    0.1562  0.006609    0.2083       331       640    0.6415    0.6778    0.6752    0.2801   0.05128    0.1209  0.008854
    56/299     4.48G   0.04462    0.1546  0.006451    0.2056       337       640    0.6084    0.7055    0.6862    0.3119   0.04398    0.1254   0.01259
    57/299     4.48G   0.04579    0.1528  0.006208    0.2048       344       640    0.5709     0.713     0.669    0.2665   0.05356    0.1222  0.006103
    58/299     4.48G   0.04412    0.1507  0.006401    0.2012       388       640    0.5759    0.7353    0.6739    0.2985   0.04859    0.1207  0.009775
    59/299     4.48G   0.04357    0.1542  0.006248     0.204       338       640    0.7213    0.7305    0.7745    0.3487   0.04665    0.1199  0.006231
    60/299     4.48G   0.04364    0.1486   0.00641    0.1987       373       640    0.5092    0.5964    0.5395    0.1894   0.05168    0.1282   0.01739
    61/299     4.48G   0.04348    0.1515   0.00631    0.2013       276       640    0.6383    0.7414    0.7444    0.3817   0.04196    0.1206  0.009177
    62/299     4.48G   0.04306    0.1518  0.006023    0.2009       359       640    0.6327     0.713    0.6941    0.3621   0.04728    0.1187  0.007443
    63/299     4.48G   0.04396    0.1553  0.006369    0.2057       306       640    0.5656    0.6632    0.6409    0.3026   0.04796    0.1224    0.0119
    64/299     4.48G   0.04359    0.1496  0.006356    0.1995       390       640    0.6865     0.724    0.7472    0.4094   0.04061     0.122  0.009789
    65/299     4.48G   0.04367    0.1512  0.006126     0.201       352       640    0.6449    0.6539    0.6901    0.3255   0.04661    0.1196    0.0126
    66/299     4.48G   0.04379    0.1515   0.00605    0.2013       333       640     0.626    0.6683    0.6886    0.2701    0.0507    0.1207   0.01001
    67/299     4.48G   0.04266    0.1516  0.005827    0.2001       343       640    0.6662    0.7244    0.7287    0.2933      0.05    0.1228  0.005949
    68/299     4.48G   0.04259    0.1478  0.006164    0.1965       354       640    0.5982    0.6459    0.6348    0.2901   0.04686     0.125   0.01506
    69/299     4.48G   0.04239    0.1494  0.006096    0.1979       377       640      0.52    0.6231    0.5453    0.2391   0.04781    0.1248   0.01572
    70/299     4.48G   0.04212    0.1501  0.005567    0.1978       301       640    0.6215     0.785    0.7353    0.3834   0.04176    0.1191  0.007547
    71/299     4.48G   0.04205    0.1469  0.005909    0.1948       298       640    0.6989    0.7368    0.7748    0.3425   0.04668    0.1204   0.00629
    72/299     4.48G   0.04187    0.1489  0.005938    0.1967       411       640    0.5586     0.658    0.6169     0.245   0.04984    0.1285   0.01286
    73/299     4.48G    0.0416     0.147  0.005687    0.1943       366       640     0.644     0.742    0.7169    0.3232   0.04766    0.1264  0.007365
    74/299     4.48G   0.04238    0.1462  0.005876    0.1945       301       640    0.6384     0.704    0.6858    0.2953   0.05351    0.1202  0.005588
    75/299     4.48G   0.04168    0.1483  0.005896    0.1958       296       640    0.6629    0.7345    0.7287    0.3448   0.04559     0.124  0.008079
    76/299     4.48G   0.04156    0.1464  0.005781    0.1937       241       640    0.6009    0.6992    0.6871    0.2945   0.05062    0.1213  0.009089
    77/299     4.48G   0.04258    0.1428  0.006008    0.1914       341       640    0.6983    0.7262    0.7585    0.3913   0.04207    0.1227  0.008393
    78/299     4.48G   0.04062    0.1464  0.005666    0.1927       320       640    0.6612    0.7167    0.7294    0.3065   0.04896    0.1229  0.006602
    79/299     4.48G   0.04083    0.1432   0.00584    0.1899       323       640    0.6824    0.7298    0.7625    0.4051    0.0393    0.1223  0.008706
    80/299     4.48G   0.04055    0.1441  0.005714    0.1904       333       640     0.672    0.7485    0.7534    0.3642   0.04566    0.1195  0.006211
    81/299     4.48G   0.04028    0.1428  0.005675    0.1887       307       640    0.6588    0.7163     0.707     0.344   0.04658    0.1261   0.00794
    82/299     4.48G   0.04123    0.1437  0.005763    0.1907       375       640    0.6905    0.7043    0.7476     0.305   0.05055    0.1185  0.007012
    83/299     4.48G   0.04032    0.1424  0.005677    0.1884       300       640    0.6678    0.7421    0.7426     0.363   0.04206    0.1228   0.00829
    84/299     4.48G   0.04184    0.1424  0.005541    0.1897       438       640    0.6585     0.722    0.7145    0.3441   0.04402    0.1232  0.009543
    85/299     4.48G   0.03972    0.1424  0.005469    0.1876       289       640    0.6555     0.717    0.7453    0.3827   0.04222    0.1209   0.00881
    86/299     4.48G   0.03952    0.1408  0.005472    0.1858       295       640    0.6537    0.7376    0.7564    0.3869   0.04142    0.1231  0.008631
    87/299     4.48G   0.04028     0.144  0.005286    0.1896       358       640    0.6424    0.6842    0.7041    0.2969   0.04777    0.1288  0.009677
    88/299     4.48G   0.04091    0.1444  0.005508    0.1908       273       640     0.649    0.7104    0.7062    0.3862   0.04091    0.1247   0.01008
    89/299     4.48G   0.04034    0.1509  0.005364    0.1966       307       640    0.6554    0.7044    0.7201    0.3514   0.04334    0.1228  0.009707
    90/299     4.48G   0.03977    0.1415  0.005314    0.1866       270       640    0.6791     0.715    0.7317    0.3785   0.04246    0.1226  0.009564
    91/299     4.48G   0.03968    0.1414  0.005092    0.1861       282       640    0.6714    0.7252    0.7259    0.3246   0.04918    0.1217   0.00576
    92/299     4.48G   0.03919    0.1398  0.005154    0.1841       358       640    0.6838    0.7183     0.757    0.3942   0.04094    0.1206  0.008944
    93/299     4.48G    0.0393    0.1396  0.005142     0.184       364       640    0.6412    0.6845    0.6936    0.3435   0.04219    0.1231   0.01202
    94/299     4.48G   0.03969    0.1402  0.005097     0.185       283       640     0.679    0.6932    0.7268    0.3159   0.04812    0.1269  0.008972
    95/299     4.48G   0.03963    0.1447  0.005201    0.1895       357       640    0.6321    0.7468    0.7256    0.3279   0.04625    0.1307  0.007643
    96/299     4.48G    0.0391     0.144  0.005055    0.1881       319       640    0.6405    0.6452    0.6707    0.3681   0.03875    0.1192   0.01377
    97/299     4.48G   0.03863    0.1484  0.005112    0.1921       435       640    0.6506    0.6671    0.6853    0.3123   0.04602    0.1252   0.01221
    98/299     4.48G   0.03903    0.1427  0.005347    0.1871       301       640    0.6503    0.7599    0.7593    0.3262   0.04799    0.1234  0.007024
    99/299     4.48G   0.03849    0.1378  0.005256    0.1815       297       640    0.6191    0.6645     0.659    0.3063   0.04779    0.1274   0.01057
   100/299     4.48G   0.03859    0.1381  0.005037    0.1818       353       640    0.6658    0.7497    0.7457    0.3546   0.04373    0.1256  0.008167
   101/299     4.48G   0.03981    0.1455  0.005248    0.1906       297       640    0.6598    0.7636    0.7495    0.3707   0.04389    0.1206  0.008504
   102/299     4.48G   0.03855    0.1383  0.005086    0.1819       293       640    0.7074    0.6705    0.7208    0.3134   0.04762    0.1259  0.008652
   103/299     4.48G   0.03813    0.1372  0.005127    0.1805       258       640    0.6716    0.7015    0.7166    0.3418   0.04351    0.1274   0.00966
   104/299     4.48G   0.03863    0.1416  0.005044    0.1853       378       640    0.6681    0.7523    0.7524    0.3801   0.04288     0.123  0.007381
   105/299     4.48G   0.03834    0.1368  0.004938    0.1801       298       640      0.61    0.6967    0.6734    0.3007   0.04858    0.1236   0.01045
   106/299     4.48G   0.03799      0.14  0.004868    0.1829       357       640    0.6318    0.7271    0.7096    0.3231   0.04655    0.1254   0.01037
   107/299     4.48G   0.03905    0.1387  0.004825    0.1826       320       640    0.6493    0.7431     0.752    0.3588   0.04565    0.1226  0.008286
   108/299     4.48G   0.03781    0.1382  0.004808    0.1808       331       640    0.6667    0.7533    0.7611    0.3463   0.04724    0.1235  0.007541
   109/299     4.48G   0.03814    0.1422  0.005033    0.1853       318       640     0.674    0.7016    0.7288    0.3123   0.04996    0.1258  0.006756
   110/299     4.48G    0.0384    0.1342  0.004733    0.1773       296       640    0.6408    0.7191    0.7158    0.3489   0.04444     0.122   0.01009
   111/299     4.48G   0.03757    0.1353  0.004677    0.1776       295       640    0.6361    0.6621    0.6641    0.3136   0.04383    0.1263    0.0143
   112/299     4.48G    0.0381    0.1388  0.004866    0.1817       352       640    0.6659    0.7318    0.7373    0.3196   0.04712    0.1263  0.007284
   113/299     4.48G   0.03716    0.1384  0.004958    0.1805       298       640    0.5301    0.6894    0.6327    0.3279   0.04079    0.1277   0.01774
   114/299     4.48G   0.03805    0.1354  0.005049    0.1785       349       640    0.7013    0.7319    0.7577    0.3694   0.04287    0.1207  0.008164
   115/299     4.48G   0.03795    0.1312  0.004809    0.1739       296       640    0.6893    0.7316     0.757    0.3526   0.04517    0.1237  0.007598
   116/299     4.48G   0.03712    0.1379  0.004731    0.1797       356       640    0.7142     0.703    0.7497     0.384   0.04084    0.1242  0.009847
   117/299     4.48G   0.03711    0.1374  0.004864    0.1794       268       640     0.639    0.6872    0.6895    0.3466   0.04177    0.1258   0.01203
   118/299     4.48G    0.0371     0.135  0.004707    0.1768       225       640    0.6059    0.6949    0.6665    0.3256   0.04213    0.1274    0.0121
   119/299     4.48G   0.03692    0.1364  0.004765    0.1781       322       640    0.6701    0.7031    0.7175      0.35    0.0451    0.1271  0.009196
   120/299     4.48G   0.03735    0.1336   0.00468    0.1756       348       640    0.6935    0.7624    0.7872    0.4009   0.04259    0.1251  0.006435
   121/299     4.48G   0.03654     0.132  0.004815    0.1734       361       640    0.6613    0.7172    0.7337    0.3566   0.04502    0.1301  0.008254
   122/299     4.48G   0.03696    0.1378  0.004661    0.1795       363       640    0.6698    0.7332    0.7483    0.3617   0.04505    0.1262  0.007209
   123/299     4.48G   0.03674    0.1338   0.00447    0.1751       318       640    0.7452    0.7121    0.7755    0.3952   0.04083    0.1209  0.007694
   124/299     4.48G   0.03658     0.133  0.004572    0.1741       268       640    0.6864    0.6928    0.7065    0.3208   0.04635    0.1273  0.009007
   125/299     4.48G   0.03673    0.1342  0.004555    0.1755       352       640    0.7133    0.7332    0.7787    0.4011   0.04258    0.1247  0.006082
   126/299     4.48G   0.03605    0.1315  0.004469     0.172       325       640    0.7108    0.6937    0.7257    0.3192    0.0492    0.1303  0.006852
   127/299     4.48G   0.03658    0.1342   0.00435    0.1751       353       640    0.6735    0.7572    0.7507    0.3929   0.04103    0.1233  0.007777
   128/299     4.48G   0.03716    0.1355   0.00445    0.1771       428       640    0.6891    0.7239    0.7628    0.4105   0.03844    0.1238   0.00781
   129/299     4.48G   0.03638    0.1388  0.004513    0.1797       448       640    0.7205    0.7714     0.785    0.4672   0.03687    0.1218  0.005672
   130/299     4.48G   0.03688     0.135  0.004324    0.1762       230       640    0.6547    0.7164    0.7095    0.3778   0.04255    0.1249    0.0104
   131/299     4.48G   0.03663    0.1351   0.00422     0.176       439       640    0.6546     0.769     0.744    0.3583   0.04368    0.1246  0.007763
   132/299     4.48G   0.03627    0.1347  0.004329    0.1753       404       640    0.6546    0.7302    0.7379    0.4263   0.03829    0.1277    0.0105
   133/299     4.48G   0.03653    0.1297  0.004318    0.1706       326       640    0.7088    0.7359    0.7707    0.4022   0.04284    0.1249  0.006709
   134/299     4.48G    0.0364    0.1318  0.004371    0.1726       329       640    0.6727    0.7037    0.7133    0.3271    0.0476    0.1264  0.007995
   135/299     4.48G   0.03618    0.1322  0.004392    0.1727       396       640    0.6815    0.7097    0.7333    0.3274   0.04599    0.1262  0.008324
   136/299     4.48G   0.03656     0.135  0.004467     0.176       444       640    0.6489    0.7147    0.7033    0.3488    0.0422    0.1275   0.01161
   137/299     4.48G   0.03571    0.1305  0.004501    0.1707       298       640    0.6774    0.7407    0.7416    0.3351   0.04619    0.1292   0.00858
   138/299     4.48G   0.03603    0.1354  0.004302    0.1757       412       640    0.6554    0.7406    0.7081    0.3547    0.0439      0.13  0.008779
   139/299     4.48G   0.03559    0.1318  0.004338    0.1717       308       640    0.6502    0.7107    0.7093     0.396   0.03958    0.1255   0.01116
   140/299     4.48G   0.03607    0.1341  0.004241    0.1744       351       640    0.7255    0.7378    0.7582    0.3455   0.04616    0.1301  0.007024
   141/299     4.48G   0.03577    0.1319  0.004411     0.172       310       640    0.7018     0.725    0.7558     0.388   0.04301    0.1304  0.007519
   142/299     4.48G   0.03581    0.1291  0.003931    0.1688       256       640    0.6799     0.766    0.7664    0.4104   0.04084    0.1257   0.00834
   143/299     4.48G   0.03626    0.1307  0.004211    0.1712       283       640    0.6723    0.7199    0.7146    0.3715   0.04283    0.1295  0.009599
   144/299     4.48G   0.03593    0.1304  0.004344    0.1707       288       640    0.6826    0.7346     0.752    0.3833   0.04317    0.1291  0.008173
   145/299     4.48G   0.03529     0.127  0.004066    0.1664       265       640    0.6721     0.699    0.7096    0.3771   0.04167    0.1282  0.009493
   146/299     4.48G   0.03551    0.1316  0.004215    0.1713       372       640    0.6704    0.7413    0.7341    0.3776   0.04407     0.126  0.007375
   147/299     4.48G   0.03583    0.1303  0.004395    0.1706       347       640    0.7002    0.6801    0.7135    0.4015   0.03995    0.1299  0.009455
   148/299     4.48G    0.0357    0.1316  0.004126    0.1715       347       640     0.667    0.7438    0.7424    0.3707   0.04313    0.1299  0.007996
   149/299     4.48G   0.03526    0.1298  0.004296    0.1694       278       640    0.6554    0.7435     0.734    0.3858   0.04189    0.1301  0.009206
   150/299     4.48G   0.03506    0.1303  0.003991    0.1693       296       640    0.6818    0.7011    0.7148    0.3468   0.04519    0.1305  0.009404
   151/299     4.48G   0.03511    0.1325  0.004113    0.1717       378       640    0.7144    0.7257    0.7551    0.3993   0.04335    0.1282  0.006975
   152/299     4.48G   0.03574    0.1308   0.00412    0.1706       289       640    0.6576    0.7093    0.6983    0.3509   0.04386    0.1344      0.01
   153/299     4.48G   0.03496    0.1314  0.003993    0.1704       363       640    0.7063    0.7185    0.7464    0.3788   0.04348    0.1294  0.007965
   154/299     4.48G   0.03524    0.1317  0.004084    0.1711       368       640    0.6502    0.7457    0.7239    0.3268   0.04708    0.1351  0.007235
   155/299     4.48G   0.03494    0.1289  0.004009    0.1679       415       640    0.6593     0.719    0.7143    0.3594   0.04492    0.1398  0.008902
   156/299     4.48G   0.03487    0.1307  0.004065    0.1696       286       640    0.6599    0.6738    0.6918    0.3421   0.04439    0.1384   0.01117
   157/299     4.48G   0.03431    0.1279  0.004208    0.1665       446       640    0.6767    0.7647    0.7553    0.3717   0.04479     0.132  0.007016
   158/299     4.48G   0.03477    0.1265  0.003886    0.1652       415       640    0.6566    0.7224    0.7231    0.3798   0.04173    0.1315  0.009354
   159/299     4.48G   0.03472    0.1291  0.004122     0.168       380       640    0.6576    0.7427     0.729    0.3254   0.04684    0.1323  0.007239
   160/299     4.48G   0.03437    0.1227  0.003931     0.161       298       640    0.6165    0.6943    0.6819    0.3654   0.04013    0.1314   0.01287
   161/299     4.48G   0.03434    0.1253     0.004    0.1637       276       640    0.6522    0.7162    0.7132    0.3594   0.04365    0.1351   0.01093
   162/299     4.48G   0.03453    0.1265  0.003728    0.1648       303       640    0.7046    0.7077     0.728    0.3535   0.04442    0.1367   0.00907
   163/299     4.48G   0.03437     0.127   0.00402    0.1654       325       640    0.6992    0.7021    0.7208    0.3212   0.04663    0.1356  0.009924
   164/299     4.48G   0.03453    0.1217  0.004059    0.1603       355       640    0.7324    0.6943    0.7213    0.3753   0.04301    0.1347  0.008854
   165/299     4.48G   0.03438    0.1239  0.004069    0.1624       389       640    0.6663    0.7333    0.7203    0.3749   0.04359    0.1374  0.008281
   166/299     4.48G   0.03406    0.1254  0.003954    0.1634       284       640    0.6294    0.6966    0.6852     0.359    0.0437    0.1394   0.01192
   167/299     4.48G   0.03429     0.125  0.003669    0.1629       269       640    0.6881    0.7145    0.7194    0.4011   0.03951    0.1353   0.00926
   168/299     4.48G   0.03407    0.1306  0.003968    0.1687       338       640    0.6798    0.7283    0.7398    0.3815    0.0421    0.1322  0.008059
   169/299     4.48G    0.0347    0.1337  0.003921    0.1723       467       640    0.6503    0.7237    0.7196    0.3829   0.04067    0.1319  0.009363
   170/299     4.48G   0.03417    0.1243  0.003843    0.1623       342       640    0.6764    0.7142    0.7205    0.3313   0.04535    0.1366  0.008623
   171/299     4.48G   0.03434     0.126  0.003896    0.1643       272       640    0.6278    0.7062    0.6816    0.3272   0.04481    0.1385   0.01008
   172/299     4.48G   0.03454    0.1262  0.003837    0.1646       351       640    0.6428    0.7003    0.7061    0.3506   0.04318    0.1333   0.01128
   173/299     4.48G   0.03399    0.1235  0.003689    0.1612       414       640    0.7356    0.6969    0.7322    0.3341   0.04734    0.1372  0.007578
   174/299     4.48G   0.03348    0.1276   0.00385    0.1649       267       640     0.649    0.7522    0.7209    0.3763   0.04208    0.1337  0.008404
   175/299     4.48G   0.03368    0.1234  0.003854    0.1609       307       640    0.6625    0.7346    0.7247    0.3979   0.04001    0.1358  0.008735
   176/299     4.48G   0.03367    0.1255  0.003853     0.163       412       640    0.6637    0.7344    0.7223    0.3422   0.04376    0.1351  0.008776
   177/299     4.48G   0.03378    0.1231  0.003759    0.1607       289       640    0.6793    0.7117     0.728    0.3755   0.04316    0.1319  0.009136
   178/299     4.48G   0.03361    0.1218  0.003819    0.1593       283       640    0.6366     0.727    0.7088     0.317   0.04732    0.1364  0.009365
   179/299     4.48G   0.03383    0.1263  0.003661    0.1637       275       640    0.6617    0.7422    0.7273    0.3921   0.04187    0.1385  0.008812
   180/299     4.48G   0.03366     0.125  0.003559    0.1622       256       640    0.6288    0.7211    0.7018     0.306   0.04737    0.1433   0.01044
   181/299     4.48G   0.03366    0.1216  0.003831    0.1591       387       640    0.6594    0.7012    0.6846    0.2942    0.0487    0.1387   0.01087
   182/299     4.48G   0.03361    0.1233  0.003612    0.1605       309       640    0.6993    0.7292    0.7305    0.3927   0.04172    0.1349   0.00957
   183/299     4.48G   0.03321    0.1228  0.003695    0.1597       317       640    0.6032    0.7075    0.6772    0.3479   0.04328     0.142   0.01266
   184/299     4.48G   0.03356    0.1268  0.003864    0.1642       311       640     0.682    0.7615    0.7604    0.4054   0.04262    0.1384  0.006671
   185/299     4.48G   0.03357    0.1246  0.003682    0.1618       228       640    0.7036    0.7263    0.7285     0.383   0.04223    0.1361  0.008915
   186/299     4.48G   0.03305    0.1256  0.003727    0.1624       406       640    0.6218    0.7687    0.7068    0.3788   0.04166    0.1379    0.0106
   187/299     4.48G   0.03348    0.1254   0.00365    0.1625       240       640    0.6522    0.7272    0.7014    0.3707   0.04214    0.1388   0.01077
   188/299     4.48G   0.03394    0.1251  0.003768    0.1628       201       640    0.6491    0.7346    0.7117    0.3625   0.04395    0.1381  0.009769
   189/299     4.48G   0.03316     0.121  0.003597    0.1578       348       640    0.7159    0.6989    0.7227    0.3639   0.04484    0.1397    0.0075
   190/299     4.48G   0.03316    0.1213  0.003762    0.1583       397       640    0.6871    0.7337    0.7315     0.395   0.04178    0.1407  0.008187
   191/299     4.48G   0.03284    0.1208  0.003549    0.1572       349       640    0.7027     0.738    0.7344    0.3818   0.04246    0.1406  0.008066
   192/299     4.48G   0.03316    0.1203  0.003705    0.1572       371       640    0.6907     0.724    0.7131    0.3745    0.0425     0.139      0.01
   193/299     4.48G     0.033    0.1242  0.003514    0.1607       354       640    0.6542    0.7017    0.6728     0.324   0.04522    0.1437   0.01078
   194/299     4.48G   0.03261    0.1229  0.003415    0.1589       314       640     0.662    0.7087    0.6878    0.3631   0.04471    0.1447   0.01018
   195/299     4.48G   0.03275    0.1263  0.003671    0.1627       397       640    0.7024    0.7542    0.7266    0.3962   0.04105    0.1381  0.009531
   196/299     4.48G   0.03297    0.1195   0.00359     0.156       309       640    0.6534    0.7694    0.7239    0.3742   0.04205    0.1353  0.009033
   197/299     4.48G   0.03249    0.1175  0.003428    0.1534       239       640    0.6879     0.726    0.7146    0.3456   0.04532    0.1403  0.008514
   198/299     4.48G   0.03316    0.1216  0.003989    0.1587       374       640    0.6415    0.7136    0.6896    0.3723   0.04157    0.1404   0.01198
   199/299     4.48G   0.03252     0.121  0.003275    0.1568       298       640    0.7052    0.7172    0.7217    0.3862   0.04295     0.144  0.009442
   200/299     4.48G   0.03311    0.1197  0.003469    0.1563       293       640    0.6424    0.6923     0.675    0.3797   0.04144    0.1466   0.01232
   201/299     4.48G   0.03239    0.1171  0.003466     0.153       327       640    0.6769    0.6579    0.6691    0.3542   0.04214    0.1416   0.01287
   202/299     4.48G   0.03255    0.1228  0.003521    0.1589       367       640    0.6887    0.7106    0.7132    0.3415   0.04576    0.1422  0.009435
   203/299     4.48G   0.03245    0.1161  0.003537    0.1521       327       640     0.665    0.7121    0.6943    0.3071    0.0475    0.1445  0.009369
   204/299     4.48G   0.03268    0.1249  0.003595    0.1612       359       640     0.684    0.7097    0.7041    0.3382    0.0453    0.1442    0.0089
   205/299     4.48G   0.03221    0.1178  0.003375    0.1534       410       640     0.657    0.6949    0.6844    0.3383   0.04496    0.1433   0.01133
   206/299     4.48G   0.03296      0.12  0.003582    0.1566       283       640    0.6702    0.7512    0.7249    0.3555   0.04359    0.1358  0.009026
   207/299     4.48G    0.0325    0.1162  0.003398    0.1521       341       640    0.6091    0.7312    0.6752    0.3505   0.04099    0.1392   0.01325
   208/299     4.48G   0.03244    0.1163  0.003547    0.1523       250       640    0.5975    0.7015    0.6595    0.3437    0.0417    0.1444     0.014
   209/299     4.48G   0.03222    0.1171  0.003389    0.1527       365       640    0.6367    0.6996     0.683    0.3429   0.04376    0.1431   0.01093
   210/299     4.48G   0.03239    0.1186  0.003487    0.1545       374       640    0.6563    0.7423     0.705    0.3385   0.04501    0.1421  0.009823
   211/299     4.48G   0.03241    0.1233  0.003351    0.1591       341       640     0.662    0.7614    0.7289    0.3521   0.04535    0.1375    0.0073
   212/299     4.48G   0.03215    0.1186  0.003428    0.1541       459       640    0.6512    0.7059    0.7051    0.3731   0.04272    0.1393  0.009985
   213/299     4.48G   0.03178    0.1181  0.003338    0.1532       342       640    0.6542    0.7237    0.7127     0.384   0.04284    0.1403  0.009482
   214/299     4.48G   0.03206    0.1193  0.003363    0.1547       401       640    0.6389    0.6752    0.6547    0.3308    0.0434    0.1458   0.01272
   215/299     4.48G   0.03183    0.1154  0.003308    0.1506       353       640    0.6573    0.7013    0.6813    0.3497   0.04284    0.1437    0.0121
   216/299     4.48G   0.03186    0.1161  0.003385    0.1513       425       640    0.6376    0.6964    0.6775    0.3247   0.04607    0.1512   0.01184
   217/299     4.48G   0.03214    0.1147  0.003445    0.1503       308       640    0.6195    0.7232    0.6812    0.3675   0.04247    0.1453   0.01087
   218/299     4.48G   0.03187    0.1177  0.003425     0.153       293       640    0.6821    0.6939    0.6961    0.3571   0.04508    0.1493  0.009594
   219/299     4.48G   0.03189     0.116   0.00345    0.1513       344       640     0.623    0.7305     0.693     0.383   0.04062    0.1399   0.01102
   220/299     4.48G   0.03176    0.1165  0.003203    0.1515       249       640    0.6351    0.7651    0.7142    0.3705   0.04233     0.142  0.009455
   221/299     4.48G   0.03154    0.1171  0.003245    0.1519       242       640    0.6583    0.7471    0.7196    0.3677   0.04355    0.1433  0.009732
   222/299     4.48G   0.03163    0.1175   0.00333    0.1524       417       640    0.6527    0.6949      0.67     0.374   0.04213    0.1481   0.01316
   223/299     4.48G   0.03167    0.1136  0.003338    0.1486       300       640    0.6148    0.7006    0.6571    0.3452   0.04371    0.1476   0.01451
   224/299     4.48G   0.03176    0.1163  0.003481    0.1515       334       640    0.6567    0.7275      0.71    0.3807   0.04211    0.1434   0.01037
   225/299     4.48G   0.03139    0.1118  0.003197    0.1464       250       640    0.6416    0.7285    0.6957     0.353   0.04291    0.1446   0.01199
   226/299     4.48G   0.03124    0.1151  0.003171    0.1496       297       640    0.6961    0.6835    0.7093    0.3762   0.04342    0.1434   0.01038
   227/299     4.48G   0.03159    0.1153  0.003365    0.1503       305       640    0.6389    0.7377    0.7124    0.3869   0.04252    0.1389   0.01041
   228/299     4.48G   0.03097    0.1124  0.003271    0.1467       279       640    0.6261    0.7378    0.6928    0.3389   0.04475    0.1429   0.01154
   229/299     4.48G    0.0312    0.1127  0.003116     0.147       222       640    0.6924    0.7165    0.7235    0.3713   0.04438    0.1467   0.01018
   230/299     4.48G   0.03161    0.1155  0.003293    0.1504       388       640    0.6567    0.7357    0.7075    0.3513   0.04449    0.1477   0.01002
   231/299     4.48G    0.0313     0.117  0.003295    0.1516       290       640    0.7005    0.7405    0.7318    0.3569   0.04532    0.1465  0.008434
   232/299     4.48G   0.03134    0.1124  0.003303     0.147       269       640    0.6773    0.7632    0.7253    0.3772   0.04317    0.1451  0.009093
   233/299     4.48G   0.03129    0.1158  0.003221    0.1503       303       640     0.666    0.7201    0.7088    0.3756   0.04164    0.1439    0.0114
   234/299     4.48G   0.03107    0.1102  0.003171    0.1445       270       640    0.6561    0.6896    0.6861    0.3495   0.04322    0.1459   0.01237
   235/299     4.48G   0.03111    0.1147  0.003105    0.1489       302       640    0.6822    0.7313    0.7244    0.3648   0.04385    0.1446  0.008943
   236/299     4.48G   0.03107    0.1154  0.003273    0.1497       309       640    0.6654    0.7298    0.7127    0.3655   0.04343    0.1429    0.0103
   237/299     4.48G   0.03095    0.1119  0.003117    0.1459       285       640    0.6697     0.697    0.6979    0.3767   0.04171    0.1444   0.01192
   238/299     4.48G   0.03087    0.1109  0.003134    0.1449       320       640    0.6282      0.71    0.6855    0.3278   0.04486    0.1457   0.01137
   239/299     4.48G   0.03109    0.1142  0.003227    0.1486       307       640      0.68    0.7422    0.7068     0.371   0.04181    0.1452  0.009823
   240/299     4.48G   0.03119    0.1096  0.003053    0.1438       317       640    0.6876    0.7411    0.7158    0.3894   0.04122    0.1407  0.009688
   241/299     4.48G   0.03096    0.1138  0.003229     0.148       332       640    0.6866    0.6971    0.6978    0.3601    0.0436    0.1465   0.01044
   242/299     4.48G   0.03104    0.1156  0.003336      0.15       361       640    0.6409    0.7157    0.6896    0.3779   0.04102    0.1461   0.01233
   243/299     4.48G   0.03072    0.1094  0.002974    0.1431       413       640    0.6734    0.7422     0.731    0.3809   0.04348    0.1469  0.008268
   244/299     4.48G   0.03105    0.1122  0.003195    0.1465       336       640    0.6904    0.7282    0.7116    0.4043    0.0413     0.146  0.009391
   245/299     4.48G   0.03075    0.1086  0.003321    0.1427       358       640    0.6874    0.7049    0.7012    0.3695   0.04389    0.1487  0.009671
   246/299     4.48G   0.03104    0.1148  0.003287    0.1492       354       640    0.6877    0.6957    0.7044    0.3456   0.04599    0.1502  0.009762
   247/299     4.48G   0.03048    0.1125  0.003145    0.1462       325       640    0.6266    0.7152    0.6815    0.3543   0.04285    0.1462   0.01367
   248/299     4.48G   0.03104    0.1139  0.003125     0.148       323       640    0.6767    0.7315    0.7259    0.3721   0.04491    0.1453  0.008815
   249/299     4.48G   0.03055    0.1136  0.002945    0.1471       361       640    0.6534    0.7304    0.7237    0.3826    0.0436     0.144  0.009502
   250/299     4.48G   0.03104    0.1121  0.003381    0.1465       314       640    0.6604     0.748    0.7138    0.3563   0.04476    0.1459  0.009402
   251/299     4.48G   0.03111     0.112  0.002993    0.1461       339       640    0.6527    0.7002    0.6722    0.3308   0.04536     0.149    0.0119
   252/299     4.48G   0.03033    0.1144  0.003121    0.1478       366       640    0.6309     0.694    0.6699    0.3255    0.0461    0.1544   0.01177
   253/299     4.48G   0.03083    0.1122   0.00318    0.1462       312       640    0.6616    0.7291    0.7116    0.3482   0.04495    0.1496   0.01028
   254/299     4.48G   0.03033    0.1115  0.003117     0.145       302       640     0.671    0.7261    0.7012    0.3557   0.04453    0.1492  0.009706
   255/299     4.48G   0.03023    0.1119  0.002974    0.1451       347       640     0.653    0.7184    0.6897    0.3501   0.04362    0.1482   0.01112
   256/299     4.48G   0.03063     0.112  0.002961    0.1456       337       640    0.6448    0.7404    0.6904    0.3528   0.04286    0.1456   0.01187
   257/299     4.48G   0.03026      0.11  0.003074    0.1433       416       640     0.683    0.6919    0.6839    0.3518   0.04354    0.1494   0.01196
   258/299     4.48G   0.03062    0.1083  0.003031     0.142       388       640    0.6739    0.6707    0.6662    0.3448     0.044    0.1529   0.01271
   259/299     4.48G   0.03057    0.1143  0.003046    0.1479       358       640     0.659    0.7056    0.6857    0.3647    0.0433    0.1525   0.01128
   260/299     4.48G   0.03029    0.1078  0.002869     0.141       257       640    0.6551    0.7091    0.6809    0.3466   0.04404    0.1513   0.01224
   261/299     4.48G    0.0301    0.1074  0.003025    0.1406       332       640    0.6533    0.7353    0.7006     0.355   0.04393    0.1493   0.01078
   262/299     4.48G   0.03042    0.1117  0.003113    0.1452       391       640     0.636    0.7467    0.6908     0.375   0.04269    0.1517   0.01061
   263/299     4.48G   0.03051    0.1113  0.002904    0.1447       354       640    0.7036    0.6971    0.7051    0.3929   0.04168    0.1481   0.01054
   264/299     4.48G   0.03039    0.1117   0.00296    0.1451       294       640    0.6653    0.7233    0.6979     0.377   0.04247    0.1467   0.01128
   265/299     4.48G   0.03041    0.1117  0.003136    0.1453       452       640    0.6922    0.7435    0.7372    0.3703   0.04511    0.1477  0.007408
   266/299     4.48G   0.03005    0.1116  0.002948    0.1446       275       640    0.7179    0.7397     0.733    0.3639   0.04607    0.1492  0.007864
   267/299     4.48G   0.03022    0.1095  0.002877    0.1426       327       640    0.6853    0.7353    0.7241    0.3664   0.04509    0.1468  0.008414
   268/299     4.48G   0.03036    0.1109  0.003079    0.1443       301       640     0.655     0.685    0.6642    0.3136    0.0452    0.1528   0.01301
   269/299     4.48G   0.02982    0.1071  0.003191    0.1401       295       640    0.6767    0.7039    0.6864    0.3419   0.04517    0.1519   0.01111
   270/299     4.48G   0.03005    0.1099  0.003041     0.143       313       640    0.7215    0.6944    0.7225    0.3649   0.04489    0.1502  0.009717
   271/299     4.48G   0.02967    0.1082  0.003119     0.141       249       640     0.691    0.7356    0.7219    0.3751   0.04331    0.1467  0.009764
   272/299     4.48G   0.02986    0.1089  0.003007    0.1418       243       640    0.6976     0.718    0.7172    0.3402   0.04604    0.1506  0.009874
   273/299     4.48G      0.03    0.1118  0.002989    0.1448       340       640    0.6967    0.7118     0.713     0.341   0.04541    0.1504   0.00955
   274/299     4.48G   0.02994     0.109  0.002888    0.1418       358       640    0.6736    0.7015    0.6861    0.3595   0.04248    0.1483   0.01267
   275/299     4.48G   0.03009    0.1083  0.002875    0.1412       276       640    0.6673     0.719    0.7018    0.3853   0.04185    0.1496   0.01074
   276/299     4.48G   0.02982    0.1075  0.002803    0.1401       264       640    0.6539    0.7215    0.6961    0.3607   0.04424    0.1505   0.01069
   277/299     4.48G   0.02973    0.1066  0.002998    0.1394       346       640    0.6591     0.758    0.7122    0.3559   0.04512    0.1524  0.009207
   278/299     4.48G   0.02967    0.1091  0.002837    0.1416       346       640    0.6554     0.734    0.6931    0.3652   0.04273    0.1494   0.01164
   279/299     4.48G   0.02971    0.1071  0.002785    0.1396       257       640    0.6594     0.703    0.6791    0.3496   0.04341    0.1522   0.01186
   280/299     4.48G   0.02994     0.106  0.003003     0.139       237       640    0.6803    0.7309    0.7029    0.3546   0.04491    0.1528  0.009875
   281/299     4.48G    0.0299    0.1088  0.002807    0.1415       192       640    0.6925    0.7091    0.7028    0.3755   0.04261    0.1472   0.01085
   282/299     4.48G   0.02998    0.1124  0.002885    0.1452       311       640    0.6805    0.7434    0.7207    0.3861   0.04316    0.1479  0.009267
   283/299     4.48G   0.02951    0.1061  0.002783    0.1384       256       640    0.6593    0.7222    0.6833    0.3523   0.04409    0.1539   0.01124
   284/299     4.48G   0.02968    0.1084  0.002856     0.141       353       640    0.6431     0.675    0.6518    0.3272   0.04476    0.1538   0.01327
   285/299     4.48G   0.02963    0.1095  0.002836     0.142       387       640    0.6654    0.6986    0.6791    0.3552   0.04297    0.1476   0.01275
   286/299     4.48G    0.0295    0.1096  0.002916    0.1421       484       640    0.6827    0.6902    0.6757     0.342   0.04461    0.1505   0.01262
   287/299     4.48G   0.02975    0.1101  0.002938    0.1428       373       640    0.6837    0.7212    0.7084    0.3595   0.04436    0.1503  0.009897
   288/299     4.48G      0.03     0.109  0.003018     0.142       353       640     0.711    0.7201    0.7209    0.3742   0.04321    0.1488  0.009325
   289/299     4.48G   0.02972    0.1064  0.002874     0.139       290       640    0.7202    0.6687    0.6916    0.3439   0.04516     0.153   0.01079
   290/299     4.48G   0.02954    0.1066  0.002886     0.139       416       640    0.6841    0.7211    0.7088    0.3856   0.04185    0.1479   0.01048
   291/299     4.48G   0.02946    0.1118  0.002789    0.1441       310       640    0.6939    0.7268    0.7139     0.364   0.04373    0.1505   0.01018
   292/299     4.48G   0.02915    0.1091  0.002751     0.141       299       640    0.6813    0.6875    0.6866    0.3571   0.04319    0.1482    0.0138
   293/299     4.48G   0.02964     0.107  0.002764    0.1394       203       640    0.6934    0.6963    0.6925    0.3657   0.04415     0.151   0.01125
   294/299     4.48G   0.02965    0.1067  0.002851    0.1392       326       640    0.7253    0.6855    0.7093    0.3666   0.04427    0.1495  0.009569
   295/299     4.48G   0.02945    0.1037  0.003083    0.1363       253       640    0.7127    0.7106    0.7232    0.3785   0.04325    0.1509  0.009254
   296/299     4.48G   0.02952    0.1108  0.002988    0.1433       281       640    0.6949    0.6968      0.71    0.3627   0.04416    0.1541   0.01056
   297/299     4.48G   0.02954    0.1051   0.00293    0.1376       416       640    0.7061    0.6807    0.6985    0.3662   0.04475    0.1537   0.01055
   298/299     4.48G   0.02976    0.1069  0.002996    0.1397       345       640    0.7082    0.6834    0.6986    0.3668   0.04477    0.1544   0.01119
   299/299     4.48G    0.0293    0.1062   0.00288    0.1384       274       640    0.7018    0.6969     0.704    0.3787   0.04332    0.1561   0.01099
