     0/299     9.25G    0.1003    0.1713   0.03679    0.3084       358       640  0.002732    0.1773  0.001535 0.0002332   0.09181    0.1614   0.03436
     1/299     9.28G   0.09367    0.1883    0.0341    0.3161       282       640  0.005093   0.04492  0.003525 0.0005443   0.09013    0.1662   0.03211
     2/299     9.28G   0.09206    0.1956   0.03213    0.3198       348       640  0.005744    0.2305  0.005787 0.0009625   0.09014    0.1669   0.03046
     3/299     9.28G   0.09113    0.1964   0.03072    0.3182       305       640  0.007142    0.1442  0.006718  0.001078   0.09061    0.1656   0.02918
     4/299     9.28G   0.09074    0.1969   0.02974    0.3174       278       640   0.01399   0.03664  0.009635  0.001839   0.09027    0.1654   0.02829
     5/299     9.28G   0.09008    0.1909    0.0288    0.3097       341       640   0.01415    0.1548    0.0162   0.00338    0.0914    0.1622   0.02751
     6/299     9.28G   0.08961    0.1952   0.02815    0.3129       304       640     0.374   0.07092   0.02145  0.004561   0.09148    0.1588   0.02683
     7/299     9.28G   0.08895    0.1873   0.02784    0.3041       340       640    0.7237   0.08156   0.03328  0.007093   0.09237    0.1514   0.02611
     8/299     9.28G   0.08748    0.1884   0.02671    0.3026       310       640    0.3728   0.08511   0.02784  0.005086   0.09462    0.1438   0.02531
     9/299     9.28G   0.08321    0.1863    0.0254    0.2949       285       640    0.7384   0.09929   0.04491  0.008508   0.09686    0.1385   0.02424
    10/299     9.28G    0.0799    0.1907   0.02314    0.2937       262       640    0.4448    0.1328   0.06182    0.0118   0.09099    0.1363    0.0221
    11/299     9.28G   0.07677    0.1848   0.02127    0.2828       374       640    0.7125    0.0922   0.03245  0.005693    0.1007    0.1392   0.02865
    12/299     9.28G    0.0724    0.1876   0.02011    0.2801       293       640    0.0747    0.2526   0.03675  0.006522   0.09173     0.144   0.02456
    13/299     9.28G   0.07122    0.1872   0.01947    0.2779       323       640   0.07016    0.2225   0.02812   0.00546   0.09557    0.1588   0.03216
    14/299     9.28G   0.06922    0.1819   0.01803    0.2691       343       640   0.08971    0.1726   0.06201   0.01078   0.08608    0.1252   0.01588
    15/299     9.28G   0.06834    0.1815   0.01724    0.2671       373       640   0.04987    0.1045   0.01518  0.002364   0.09834    0.1207   0.01775
    16/299     9.28G   0.06649    0.1778   0.01609    0.2604       365       640    0.1062    0.2748   0.09102   0.01486   0.08656    0.1265   0.01436
    17/299     9.28G   0.06439    0.1771   0.01492    0.2564       260       640    0.2042    0.2572    0.2142   0.04417   0.07416    0.1358   0.01635
    18/299     9.28G   0.06143     0.175   0.01429    0.2507       417       640    0.5174    0.2181    0.1943   0.03547   0.07591    0.1335   0.01588
    19/299     9.28G   0.06052    0.1724    0.0131     0.246       324       640    0.2593    0.3741    0.2565   0.06637   0.07433    0.1485   0.01536
    20/299     9.28G   0.05861    0.1688   0.01245    0.2398       339       640    0.1923    0.2732    0.2098   0.03938   0.08321    0.1412   0.01406
    21/299     9.28G   0.06228    0.1687   0.01211    0.2431       311       640    0.2065    0.5712    0.2644   0.09091   0.05742    0.1712   0.01995
    22/299     9.28G   0.06023    0.1725    0.0117    0.2445       420       640     0.324    0.4354    0.2518    0.0443   0.06917    0.1638   0.01533
    23/299     9.28G   0.05906    0.1714   0.01091    0.2414       360       640    0.3447    0.4406    0.2825   0.05477    0.0706    0.1459  0.009397
    24/299     9.28G   0.05816    0.1662   0.01092    0.2353       467       640    0.3089    0.4566    0.3802    0.1279   0.06643    0.1324   0.01126
    25/299     9.28G   0.05768    0.1676   0.01042    0.2357       353       640    0.3373    0.3558     0.316   0.06907   0.08031    0.1309  0.007807
    26/299     9.28G   0.05375    0.1709  0.009683    0.2344       290       640     0.538     0.691    0.6261    0.1518   0.06293    0.1346  0.009735
    27/299     9.28G   0.05384    0.1645  0.009288    0.2276       316       640    0.4579    0.5937     0.494    0.1533   0.05991    0.1272   0.01082
    28/299     9.28G    0.0541    0.1702  0.009185    0.2335       357       640    0.4722    0.7054    0.6062    0.2307   0.05682    0.1389  0.008089
    29/299     9.28G   0.05171    0.1608  0.008672    0.2212       388       640    0.2774    0.4819      0.28    0.1217   0.06136    0.1631   0.02463
    30/299     9.28G   0.05159    0.1656  0.008476    0.2257       344       640    0.4778    0.6264    0.5574    0.2392   0.05668    0.1291   0.01035
    31/299     9.28G    0.0503    0.1669  0.008094    0.2253       385       640    0.5886    0.6239    0.6312    0.1399   0.05888    0.1266  0.008818
    32/299     9.28G   0.04924    0.1587  0.008304    0.2162       289       640    0.5979    0.7113    0.6867    0.2442   0.05667     0.129  0.007322
    33/299     9.28G   0.04972     0.164  0.007795    0.2215       352       640    0.6265    0.7313    0.7211    0.3783   0.04233    0.1314  0.008483
    34/299     9.28G   0.04927    0.1614  0.007877    0.2185       361       640    0.4969    0.5838    0.5056     0.152   0.06191    0.1305    0.0109
    35/299     9.28G   0.04878    0.1633  0.007483    0.2195       394       640    0.5868    0.7148    0.6855     0.245   0.04985    0.1299   0.01187
    36/299     9.28G    0.0482    0.1597  0.007817    0.2157       297       640    0.4788    0.6123    0.5152    0.2892   0.03848     0.132   0.01909
    37/299     9.28G   0.04834    0.1541  0.007414    0.2099       293       640    0.5362    0.6771    0.6092    0.2546   0.05361    0.1254  0.009291
    38/299     9.28G   0.04642    0.1557  0.007286    0.2094       346       640    0.6789    0.6987    0.7212    0.3057   0.04865    0.1208  0.007678
    39/299     9.28G   0.04561    0.1564  0.007146    0.2092       332       640    0.6854    0.7515    0.7905    0.3101   0.04756    0.1254  0.005456
    40/299     9.28G   0.04722    0.1496  0.007348    0.2042       298       640    0.6286    0.7137    0.7131    0.2965   0.04855    0.1252  0.009668
    41/299     9.28G   0.04463    0.1533  0.007042    0.2049       400       640    0.6328    0.6921    0.6857    0.2437   0.05103    0.1236   0.01038
    42/299     9.28G    0.0454    0.1526  0.006788    0.2048       357       640    0.6285    0.5996    0.5928    0.2798   0.05551    0.1234  0.007775
    43/299     9.28G   0.04569    0.1511  0.006636    0.2035       320       640    0.6804    0.7513    0.7676    0.4011   0.04079    0.1187  0.007537
    44/299     9.28G    0.0456    0.1538  0.006758    0.2061       372       640    0.5837    0.7268    0.6687    0.3727    0.0392    0.1305    0.0117
    45/299     9.28G   0.04468    0.1514   0.00689     0.203       283       640    0.6179    0.6423    0.6543    0.2967   0.04622    0.1235   0.01293
    46/299     9.28G   0.04445    0.1492  0.006549    0.2002       418       640    0.5567    0.6235    0.5893    0.2997   0.04364     0.127   0.01657
    47/299     9.28G   0.04383     0.151  0.006434    0.2013       281       640    0.5531    0.7197    0.6896    0.2927   0.04439    0.1271    0.0127
    48/299     9.28G   0.04317    0.1518  0.006637    0.2016       389       640     0.591    0.7384    0.7032    0.3255   0.04932    0.1219   0.01006
    49/299     9.28G   0.04267     0.152  0.006392     0.201       337       640    0.3988    0.5677     0.464    0.2353   0.04153    0.1477   0.02493
    50/299     9.28G   0.04307    0.1505  0.006386       0.2       299       640    0.7042     0.699    0.7416    0.4334   0.03702    0.1196  0.009924
    51/299     9.28G   0.04301    0.1519  0.006407    0.2013       321       640    0.6176    0.6469    0.6513    0.2759   0.05036    0.1305   0.01177
    52/299     9.28G   0.04226    0.1517  0.006477    0.2005       413       640    0.4761    0.6457    0.5673    0.3142   0.04018    0.1428   0.01725
    53/299     9.28G   0.04093    0.1549  0.006078     0.202       317       640    0.6508    0.6958    0.7427    0.3782   0.04482    0.1205  0.008361
    54/299     9.28G   0.04149    0.1516  0.005893     0.199       330       640    0.6419    0.7589    0.7542    0.4135   0.03877    0.1237  0.009418
    55/299     9.28G   0.04251    0.1482  0.006243    0.1969       337       640    0.6341    0.6399    0.6517    0.3056   0.04491    0.1258   0.01328
    56/299     9.28G   0.04141    0.1483  0.005891    0.1956       374       640    0.6485     0.683    0.7037    0.2872   0.04736    0.1261  0.009804
    57/299     9.28G   0.04137    0.1481   0.00606    0.1955       333       640    0.7579    0.7522    0.8078    0.3566   0.04673    0.1222  0.004242
    58/299     9.28G   0.04132    0.1468   0.00606    0.1942       303       640    0.6268    0.7307     0.732    0.3975   0.04077    0.1254  0.009485
    59/299     9.28G   0.04067    0.1437  0.005862    0.1902       348       640    0.5487    0.7302    0.6608    0.3213   0.04305    0.1263   0.01335
    60/299     9.28G   0.04026    0.1457  0.005676    0.1917       269       640    0.6696    0.7046    0.7222    0.4041   0.03969    0.1212   0.01091
    61/299     9.28G   0.04116    0.1421  0.005821    0.1891       222       640    0.7025    0.7542     0.764    0.3155    0.0498    0.1176  0.005202
    62/299     9.28G   0.03995    0.1418  0.005508    0.1873       346       640    0.6261    0.7463     0.743      0.36   0.04628    0.1211  0.008505
    63/299     9.28G   0.04017    0.1416  0.005687    0.1874       326       640    0.5779    0.6173    0.6093    0.3309   0.03875    0.1332   0.01881
    64/299     9.28G   0.04027    0.1436  0.005813    0.1897       283       640    0.5789    0.6325    0.5949    0.2356   0.05308    0.1351   0.01353
    65/299     9.28G   0.04094    0.1432  0.005491    0.1896       287       640    0.6697    0.7184    0.7211    0.3596   0.04185    0.1205   0.01035
    66/299     9.28G    0.0394    0.1415  0.005406    0.1863       360       640    0.6372    0.7193    0.6817    0.3034   0.04667    0.1229   0.01025
    67/299     9.28G    0.0397    0.1452  0.005437    0.1903       230       640    0.6283    0.7262    0.7174    0.3615   0.04068     0.119   0.01115
    68/299     9.28G   0.03937    0.1408  0.005522    0.1857       366       640    0.6611    0.7345    0.7429    0.3458    0.0438    0.1227  0.009283
    69/299     9.28G   0.03912    0.1414  0.005406    0.1859       364       640     0.638    0.7199    0.7221    0.3357   0.04841    0.1268  0.007986
    70/299     9.28G   0.03888    0.1382  0.005186    0.1822       355       640    0.7014    0.6991    0.7317    0.4057   0.03898     0.123  0.008709
    71/299     9.28G    0.0405    0.1427  0.005137    0.1883       282       640    0.5985    0.7055    0.6737    0.3659   0.03838    0.1227   0.01179
    72/299     9.28G   0.04021    0.1442  0.005235    0.1896       388       640     0.737     0.714    0.7888    0.4305   0.04004    0.1175  0.007174
    73/299     9.28G   0.03858    0.1345  0.005213    0.1783       391       640    0.6706    0.7265    0.7291    0.3495   0.04598    0.1244  0.007085
    74/299     9.28G   0.03863    0.1404  0.005104    0.1841       313       640     0.608    0.6042     0.612    0.2194   0.05293    0.1277   0.01125
    75/299     9.28G   0.03957    0.1395  0.005327    0.1844       300       640    0.6805    0.7323    0.7555    0.4059   0.04077    0.1236  0.007385
    76/299     9.28G    0.0382    0.1323  0.005132    0.1757       354       640    0.6766     0.694    0.7102    0.2815   0.04937    0.1292  0.007428
    77/299     9.28G    0.0379    0.1411  0.005051     0.184       361       640    0.6262    0.7053    0.6802    0.3429   0.04086    0.1299   0.01144
    78/299     9.28G   0.03805    0.1385  0.005253    0.1818       394       640    0.6679    0.7447    0.7585    0.3745   0.04271    0.1237  0.007545
    79/299     9.28G   0.03808    0.1362  0.004919    0.1792       231       640    0.6341    0.6728    0.6727     0.282   0.04995    0.1271   0.00999
    80/299     9.28G    0.0389    0.1384  0.005058    0.1823       310       640    0.7158    0.6609    0.7324    0.3912   0.04188    0.1193  0.009817
    81/299     9.28G   0.03739    0.1351  0.004791    0.1773       400       640     0.672    0.7333    0.7592    0.3851   0.04381    0.1239  0.007803
    82/299     9.28G   0.03784    0.1383  0.004899     0.181       388       640    0.5781    0.6804     0.625    0.3175   0.04062    0.1283   0.01326
    83/299     9.28G   0.03832    0.1406  0.004846    0.1838       325       640    0.5833    0.6706    0.6531    0.3872   0.03563    0.1234   0.01507
    84/299     9.28G   0.03832    0.1391  0.005129    0.1826       326       640    0.6737    0.7345    0.7431    0.3809   0.04227    0.1244  0.008149
    85/299     9.28G   0.03765     0.141  0.004778    0.1834       348       640    0.7111     0.742    0.7682    0.3958   0.04119    0.1234  0.006423
    86/299     9.28G   0.03622    0.1346  0.004862    0.1757       304       640     0.763    0.7228    0.7801    0.3555   0.04484    0.1257  0.005589
    87/299     9.28G   0.03701    0.1341  0.004863     0.176       359       640    0.5934    0.7259    0.6958     0.376   0.04031    0.1316   0.01133
    88/299     9.28G   0.03843    0.1367  0.004802    0.1799       398       640    0.6557    0.7312    0.7252    0.3281   0.04517    0.1249  0.008904
    89/299     9.28G   0.03742    0.1347  0.004656    0.1768       350       640    0.6025    0.6665    0.6714    0.3524     0.043    0.1286   0.01306
    90/299     9.28G   0.03594    0.1296  0.004728    0.1702       241       640    0.6885    0.7029    0.7401    0.4152   0.04115    0.1236  0.008886
    91/299     9.28G   0.03721    0.1313  0.004584    0.1731       251       640     0.677    0.7336    0.7495    0.3464   0.04534    0.1264   0.00698
    92/299     9.28G   0.03731    0.1347  0.005021    0.1771       371       640     0.624    0.7344    0.7203    0.3371   0.04672    0.1268  0.009779
    93/299     9.28G   0.03705     0.136  0.004413    0.1775       375       640    0.6296    0.6468    0.6794    0.3404   0.04288    0.1274   0.01341
    94/299     9.28G   0.03634    0.1344  0.004596    0.1753       250       640     0.694    0.7122    0.7371    0.3108   0.04937     0.127  0.007026
    95/299     9.28G   0.03713    0.1339  0.004543    0.1755       340       640    0.7069    0.7034    0.7474    0.3446   0.04556    0.1256  0.008064
    96/299     9.28G   0.03598    0.1369  0.004911    0.1778       395       640    0.6137    0.7303    0.7328    0.3794   0.04232    0.1302    0.0101
    97/299     9.28G   0.03604    0.1308  0.004531    0.1714       356       640    0.6955    0.7244    0.7552    0.3849   0.04399    0.1262  0.008026
    98/299     9.28G   0.03585    0.1347   0.00441     0.175       309       640    0.6287    0.6435    0.6519    0.3708   0.03976    0.1338   0.01411
    99/299     9.28G   0.03639    0.1326  0.004419    0.1734       328       640     0.617     0.722    0.7104    0.3616   0.04213    0.1252   0.01011
   100/299     9.28G   0.03611    0.1357  0.004538    0.1764       337       640    0.6894    0.7004    0.7377    0.4099   0.04079    0.1238  0.008212
   101/299     9.28G   0.03609    0.1321  0.004644    0.1728       385       640    0.6238    0.7015    0.6877    0.3391   0.04404    0.1287   0.01041
   102/299     9.28G   0.03624    0.1297  0.004413    0.1704       391       640     0.688    0.6759    0.7175    0.3917   0.03991    0.1257   0.01096
   103/299     9.28G   0.03611    0.1312  0.004523    0.1718       382       640    0.6978    0.7019     0.743    0.4362   0.03936    0.1288  0.009093
   104/299     9.28G   0.03706    0.1294  0.004538     0.171       295       640    0.7389    0.6809    0.7228    0.3508   0.04661    0.1293  0.008295
   105/299     9.28G   0.03601    0.1323  0.004409    0.1727       295       640    0.6328    0.6914     0.694     0.393   0.03936    0.1255   0.01183
   106/299     9.28G   0.03521    0.1237  0.004396    0.1633       318       640    0.6661    0.7165    0.7306    0.4231   0.04049    0.1277  0.009039
   107/299     9.28G   0.03549    0.1286  0.004257    0.1684       290       640    0.6537    0.7182    0.7362    0.4108   0.04025    0.1282  0.009002
   108/299     9.28G   0.03545     0.129   0.00434    0.1688       277       640    0.6691    0.7148    0.7119    0.3714   0.04317    0.1286  0.009993
   109/299     9.28G   0.03465    0.1295  0.004266    0.1684       363       640    0.6715    0.6834     0.706    0.3629   0.04355    0.1264   0.01002
   110/299     9.28G   0.03465    0.1309  0.004155    0.1697       213       640    0.6954    0.7105    0.7315    0.3303   0.04888    0.1316  0.006444
   111/299     9.28G   0.03523    0.1312  0.004234    0.1707       359       640    0.6487     0.733    0.7201    0.3993   0.04063    0.1321   0.00983
   112/299     9.28G   0.03499    0.1276  0.004063    0.1666       254       640    0.6356    0.7022    0.7012    0.3488   0.04366    0.1328   0.01097
   113/299     9.28G   0.03593    0.1236   0.00429    0.1638       302       640    0.6424    0.6896    0.7033     0.406   0.03987    0.1339   0.01182
   114/299     9.28G   0.03477    0.1249  0.004256    0.1639       316       640     0.659    0.7271    0.7363    0.4414    0.0372    0.1283  0.009371
   115/299     9.28G   0.03464    0.1268  0.004195    0.1656       223       640    0.6622    0.7578    0.7616    0.4214   0.04018     0.125  0.007948
   116/299     9.28G   0.03492    0.1235  0.004196    0.1627       315       640    0.6798    0.7086    0.7108    0.3668    0.0431    0.1322  0.009422
   117/299     9.28G   0.03414    0.1293  0.004221    0.1676       332       640    0.6741    0.6934    0.7218    0.3853   0.04075    0.1301  0.009974
   118/299     9.28G   0.03432    0.1258  0.004139    0.1643       279       640    0.6518    0.6983    0.6995    0.3405   0.04339    0.1339   0.01084
   119/299     9.28G   0.03443    0.1308    0.0038     0.169       323       640    0.7038    0.6749    0.7111    0.3496    0.0452    0.1333  0.009521
   120/299     9.28G   0.03438    0.1287  0.003745    0.1668       313       640     0.622    0.7496    0.7187    0.3798   0.04295    0.1331  0.008823
   121/299     9.28G    0.0347    0.1256  0.004046    0.1644       337       640    0.6696    0.7163    0.7501    0.4427   0.03907    0.1317  0.009243
   122/299     9.28G   0.03412    0.1241  0.003966    0.1622       313       640    0.7197    0.7341    0.7637    0.4459   0.04016    0.1266  0.007214
   123/299     9.28G   0.03464    0.1269  0.003859    0.1654       415       640    0.7296    0.7376    0.7713    0.4236   0.04222    0.1281  0.005537
   124/299     9.28G    0.0341    0.1273  0.003846    0.1652       345       640     0.702    0.7028    0.7252    0.4229   0.03754    0.1281  0.009921
   125/299     9.28G   0.03345    0.1204   0.00393    0.1577       343       640    0.6838    0.6421    0.6862    0.3482   0.04175    0.1365    0.0106
   126/299     9.28G   0.03373    0.1231  0.003857    0.1607       331       640    0.6681    0.6975    0.7339    0.3667   0.04369    0.1348  0.008648
   127/299     9.28G   0.03401    0.1265  0.003702    0.1642       445       640    0.6982    0.6981     0.734    0.4224   0.04008    0.1302  0.008793
   128/299     9.28G   0.03396     0.122  0.003567    0.1596       350       640    0.6317      0.73    0.7004    0.3333   0.04416    0.1315   0.01041
   129/299     9.28G   0.03341    0.1236  0.003842    0.1608       307       640    0.6709    0.6764     0.706      0.36   0.04415    0.1361  0.008854
   130/299     9.28G   0.03319    0.1244  0.003865    0.1615       355       640      0.68     0.731    0.7318    0.3778   0.04456    0.1323  0.007757
   131/299     9.28G   0.03404    0.1272  0.004065    0.1653       424       640    0.6706    0.7451    0.7486    0.4237   0.04034    0.1279  0.007311
   132/299     9.28G    0.0333     0.122  0.003777     0.159       269       640    0.7018     0.715    0.7333    0.3963    0.0415    0.1327  0.008587
   133/299     9.28G   0.03373    0.1217  0.003807    0.1593       329       640    0.6449    0.6622    0.6531    0.3294   0.04517    0.1324   0.01143
   134/299     9.28G   0.03257    0.1205  0.003999    0.1571       267       640    0.5862    0.6813    0.6404    0.3295   0.04476    0.1351    0.0126
   135/299     9.28G   0.03287    0.1205   0.00362     0.157       314       640    0.6872      0.65    0.6746    0.3343   0.04706    0.1457   0.01039
   136/299     9.28G   0.03347     0.126  0.003729    0.1632       300       640    0.5928    0.6464    0.6217    0.3447   0.04367    0.1511   0.01432
   137/299     9.28G   0.03293    0.1183  0.003669    0.1549       390       640    0.6409    0.7045    0.6888    0.3226   0.04665    0.1359   0.01078
   138/299     9.28G     0.032    0.1181  0.003664    0.1538       307       640    0.7335    0.6999     0.746    0.4048   0.04206    0.1323  0.008117
   139/299     9.28G   0.03306    0.1227  0.003643    0.1594       327       640    0.7216    0.7164    0.7481    0.4017   0.04133    0.1323  0.007723
   140/299     9.28G   0.03304    0.1179  0.003641    0.1546       263       640     0.645    0.6899    0.6901    0.3624    0.0446     0.142  0.009984
   141/299     9.28G   0.03279    0.1211  0.003646    0.1575       283       640    0.6042    0.6909     0.641    0.3703   0.04171    0.1465   0.01219
   142/299     9.28G    0.0324    0.1189  0.003852    0.1551       341       640    0.6857    0.7127    0.7208    0.3763    0.0435    0.1364  0.008367
   143/299     9.28G   0.03219    0.1212  0.003632     0.157       265       640    0.6337    0.7006    0.6833    0.3551   0.04264    0.1396   0.01124
   144/299     9.28G   0.03312    0.1205  0.003633    0.1572       311       640    0.5953    0.6975    0.6749     0.356   0.04278    0.1386   0.01248
   145/299     9.28G   0.03236    0.1194  0.003718    0.1555       293       640    0.6427     0.689    0.6833     0.356   0.04525    0.1433   0.00974
   146/299     9.28G   0.03198    0.1201  0.003461    0.1555       356       640    0.7037    0.6704    0.6941     0.345   0.04495    0.1416  0.009553
   147/299     9.28G   0.03338    0.1172   0.00361    0.1542       384       640    0.6316    0.7066    0.6916    0.4109   0.03886    0.1341   0.01102
   148/299     9.28G   0.03252    0.1178  0.003335    0.1537       335       640    0.6052    0.7056    0.6544     0.325   0.04344    0.1429   0.01247
   149/299     9.28G   0.03146    0.1166  0.003421    0.1515       315       640    0.6268    0.7468    0.7275    0.3965   0.04232    0.1366  0.008511
   150/299     9.28G   0.03207    0.1163  0.003309    0.1517       344       640    0.6682    0.7032    0.7092    0.3703    0.0441    0.1413  0.008709
   151/299     9.28G   0.03174    0.1177  0.003505     0.153       388       640     0.634    0.7284    0.7267    0.4041   0.04101    0.1381  0.008251
   152/299     9.28G   0.03191    0.1165  0.003374    0.1518       322       640    0.6869    0.7129    0.7204    0.3572   0.04595    0.1459  0.007528
   153/299     9.28G   0.03164    0.1151  0.003522    0.1503       332       640    0.6194    0.6157    0.6366    0.3878   0.03868    0.1433   0.01339
   154/299     9.28G   0.03146    0.1139  0.003536    0.1489       308       640    0.6302    0.6973    0.6719    0.3504   0.04461    0.1441   0.01033
   155/299     9.28G   0.03207    0.1138  0.003468    0.1494       399       640    0.7155    0.6494    0.6688    0.3621    0.0433    0.1444  0.009749
   156/299     9.28G   0.03201    0.1136  0.003339     0.149       316       640    0.6833     0.666    0.6818    0.3756   0.04108    0.1413    0.0103
   157/299     9.28G   0.03181    0.1162  0.003419    0.1514       291       640    0.7159    0.6603    0.6971    0.3885   0.04153    0.1415   0.01084
   158/299     9.28G   0.03089    0.1135  0.003293    0.1476       301       640    0.6802    0.6977    0.7079    0.4123   0.04174    0.1457   0.01001
   159/299     9.28G   0.03148    0.1167  0.003204    0.1514       365       640    0.6767    0.6971     0.717    0.4112   0.03973    0.1382  0.009366
   160/299     9.28G   0.03238    0.1201   0.00319    0.1557       326       640    0.7126    0.6731    0.7165    0.3781   0.04224    0.1365  0.009002
   161/299     9.28G   0.03097    0.1116  0.003444     0.146       330       640    0.6602    0.6696    0.6928    0.3648   0.04308    0.1432   0.01141
   162/299     9.28G   0.03142    0.1137  0.003408    0.1485       237       640    0.7606    0.6728    0.7314    0.3976    0.0451    0.1429  0.008128
   163/299     9.28G   0.03072     0.112  0.003266     0.146       323       640    0.6522    0.7134    0.6961     0.406   0.03987    0.1439   0.01084
   164/299     9.28G    0.0311    0.1123  0.003381    0.1467       322       640    0.6749    0.6835    0.7001    0.3682   0.04532    0.1472  0.009691
   165/299     9.28G   0.03092     0.114  0.003206    0.1481       414       640    0.7049    0.7362    0.7511    0.4342   0.04111    0.1397  0.007938
   166/299     9.28G   0.03111    0.1123   0.00322    0.1466       391       640    0.7027    0.7013    0.7162    0.4078   0.03981    0.1375  0.009614
   167/299     9.28G   0.03051     0.113  0.003417    0.1469       323       640    0.6835    0.6968    0.6994    0.3829   0.04141    0.1428   0.01057
   168/299     9.28G   0.03043    0.1118  0.003248    0.1455       345       640    0.6222     0.643    0.6544    0.3831   0.04011    0.1495   0.01307
   169/299     9.28G   0.03067    0.1118  0.003332    0.1458       349       640    0.6961    0.7134    0.7159    0.3809   0.04398    0.1492  0.009411
   170/299     9.28G   0.03104    0.1117  0.003427    0.1461       305       640    0.6844    0.6691    0.6803    0.3819   0.04171    0.1489   0.01262
   171/299     9.28G   0.03079    0.1108  0.003112    0.1447       392       640    0.7362    0.6595    0.7056    0.4033   0.04176    0.1521  0.009616
   172/299     9.28G    0.0312    0.1118  0.003329    0.1464       376       640    0.7015    0.6846    0.6963    0.4058   0.04038    0.1425   0.01039
   173/299     9.28G   0.03019    0.1136  0.003059    0.1469       427       640    0.6896    0.6812    0.6863    0.3829   0.04212    0.1437   0.01006
   174/299     9.28G   0.03017    0.1092  0.003219    0.1425       402       640    0.6438    0.6982     0.681    0.3516   0.04528    0.1475   0.01058
   175/299     9.28G   0.03036    0.1104  0.003071    0.1438       278       640    0.7176    0.6754    0.6904    0.4025    0.0397    0.1446   0.01086
   176/299     9.28G   0.03066    0.1122  0.002961    0.1459       444       640    0.6792    0.6975    0.6917    0.3863   0.04073    0.1426      0.01
   177/299     9.28G   0.03089    0.1122  0.003119    0.1462       324       640    0.7049    0.6621    0.6912    0.3966   0.04157    0.1476   0.01047
   178/299     9.28G    0.0297    0.1111  0.003234    0.1441       313       640    0.6896    0.7122    0.7266    0.3973   0.04228    0.1456  0.008232
   179/299     9.28G   0.02987    0.1105   0.00315    0.1436       369       640    0.6563    0.6882    0.6915    0.3922   0.04072    0.1468    0.0118
   180/299     9.28G   0.03052    0.1119  0.003149    0.1456       346       640    0.6901    0.6606    0.6691    0.3553   0.04197    0.1448   0.01194
   181/299     9.28G   0.03005    0.1056  0.003155    0.1388       210       640    0.6443    0.6667    0.6622    0.3777   0.04145    0.1503   0.01263
   182/299     9.28G   0.02949    0.1095  0.002976     0.142       368       640    0.6784    0.6965    0.6914     0.405   0.04043    0.1435  0.009342
   183/299     9.28G   0.02975    0.1102  0.002896    0.1429       427       640    0.7591    0.6746    0.7177     0.395   0.04189    0.1443  0.008687
   184/299     9.28G    0.0304    0.1101  0.003116    0.1436       322       640    0.6365    0.6514     0.635    0.3493   0.04112     0.148   0.01406
   185/299     9.28G   0.02964    0.1087  0.003045    0.1414       473       640    0.6947    0.7184    0.7119     0.422   0.04023     0.146  0.009002
   186/299     9.28G   0.02943     0.105  0.003103    0.1375       294       640     0.675    0.6787    0.6669    0.3903   0.04141    0.1482   0.01232
   187/299     9.28G   0.02991    0.1054  0.003162    0.1384       340       640    0.6164    0.6491    0.6216    0.3795   0.04079    0.1547   0.01491
   188/299     9.28G    0.0299    0.1103  0.003034    0.1433       316       640    0.7346    0.6873    0.7299    0.3841    0.0451    0.1471  0.007576
   189/299     9.28G   0.02956    0.1092  0.003005    0.1417       398       640    0.7512    0.7035    0.7295    0.4165   0.04174    0.1446  0.008111
   190/299     9.28G   0.02944    0.1075  0.003113      0.14       411       640    0.7021    0.6738    0.6766    0.3823   0.04239    0.1534   0.01024
   191/299     9.28G   0.02921    0.1053  0.002961    0.1375       440       640    0.7085    0.7101    0.7187     0.421   0.03975    0.1421   0.01047
   192/299     9.28G   0.02912     0.109  0.002718    0.1408       227       640    0.6849    0.6753     0.681    0.3654   0.04373    0.1532   0.01069
   193/299     9.28G   0.02887    0.1074   0.00299    0.1392       380       640    0.7009    0.6627    0.6872    0.3767   0.04367     0.153   0.01066
   194/299     9.28G   0.02887    0.1076  0.002892    0.1393       411       640    0.6956    0.6767    0.6956    0.4122   0.04063    0.1495   0.01061
   195/299     9.28G     0.029    0.1074  0.002985    0.1394       370       640    0.7248    0.6623    0.7025    0.3765   0.04517    0.1526  0.008166
   196/299     9.28G   0.02889    0.1043  0.003038    0.1362       333       640     0.708     0.715    0.7206      0.37   0.04583    0.1507  0.008617
   197/299     9.28G   0.02939    0.1026  0.002893    0.1349       449       640    0.6883    0.7167    0.7075    0.3901   0.04219    0.1489  0.008998
   198/299     9.28G   0.02959    0.1036  0.003052    0.1363       278       640    0.6855    0.6891    0.6932    0.3602   0.04471    0.1592   0.00902
   199/299     9.28G   0.02879    0.1026   0.00308    0.1345       239       640    0.7068    0.6499    0.6839    0.3771   0.04271    0.1562   0.01144
   200/299     9.28G   0.02882    0.1046  0.002817    0.1362       254       640    0.6966    0.6896    0.7044    0.3993    0.0424      0.15   0.01068
   201/299     9.28G   0.02924    0.1022  0.002982    0.1345       233       640    0.6615    0.6924    0.6875     0.408   0.03929    0.1487   0.01157
   202/299     9.28G   0.02868    0.1081  0.003146    0.1399       385       640    0.6826    0.6543    0.6695    0.3463   0.04483    0.1615   0.01073
   203/299     9.28G   0.02857    0.1052  0.003006    0.1368       228       640    0.7316    0.6754    0.7015    0.3545   0.04618    0.1624  0.007641
   204/299     9.28G   0.02866    0.1042  0.002878    0.1357       344       640    0.6929    0.6734    0.6791    0.3677   0.04316    0.1571   0.01034
   205/299     9.28G   0.02868    0.1035  0.002899    0.1351       344       640    0.6502    0.7027    0.6924    0.4269   0.03856    0.1452   0.01108
   206/299     9.28G    0.0283    0.1063  0.002784    0.1374       358       640    0.6473    0.6658    0.6629    0.3905   0.04203    0.1578   0.01214
   207/299     9.28G   0.02852    0.1048  0.002825    0.1361       366       640    0.6871    0.6579    0.6684    0.3802   0.04384    0.1604   0.01093
   208/299     9.28G   0.02816    0.1046  0.002911    0.1357       379       640    0.6835     0.663    0.6724    0.3744   0.04414    0.1567   0.01172
   209/299     9.28G   0.02821    0.1016  0.002879    0.1327       412       640    0.6911    0.6677    0.7025    0.4185   0.04049    0.1491   0.01134
   210/299     9.28G   0.02825    0.1048  0.002833    0.1359       347       640    0.7009    0.6925    0.7046    0.4128    0.0397    0.1471   0.01039
   211/299     9.28G   0.02812    0.1012   0.00279    0.1321       333       640     0.702    0.6865    0.7073    0.4081   0.04236    0.1563  0.009805
   212/299     9.28G   0.02837    0.1042  0.002801    0.1354       308       640    0.6896    0.6563    0.6718    0.3998   0.04106    0.1593   0.01283
   213/299     9.28G    0.0281    0.1021  0.002855     0.133       413       640    0.7271     0.645    0.6833    0.3745   0.04335    0.1584   0.01165
   214/299     9.28G   0.02786   0.09987  0.002714    0.1304       296       640    0.7061     0.682    0.7007     0.388   0.04454    0.1562  0.008764
   215/299     9.28G   0.02806    0.1026  0.002612    0.1333       398       640    0.6933    0.6649    0.6854    0.3867   0.04326    0.1609      0.01
   216/299     9.28G   0.02861    0.1006  0.002911    0.1321       325       640    0.6497    0.7057    0.6794    0.3751   0.04338    0.1593   0.01059
   217/299     9.28G   0.02775    0.1016  0.002827    0.1322       306       640    0.6848    0.6764    0.6809    0.3962   0.04098    0.1568    0.0119
   218/299     9.28G   0.02784    0.1003  0.002823    0.1309       265       640    0.7215     0.698    0.7182    0.4044   0.04258     0.154  0.008811
   219/299     9.28G   0.02782     0.104  0.002704    0.1345       348       640    0.6589     0.723    0.6908    0.3866   0.04181    0.1539    0.0112
   220/299     9.28G   0.02775    0.1021  0.002765    0.1326       310       640    0.6184    0.6587    0.6415    0.3607    0.0418    0.1582   0.01414
   221/299     9.28G   0.02748   0.09821   0.00268    0.1284       343       640    0.7082    0.6749    0.6953    0.3935    0.0434     0.159   0.01062
   222/299     9.28G   0.02794    0.1009  0.002612    0.1315       364       640    0.6501    0.6814    0.6785    0.3918   0.04111    0.1588   0.01249
   223/299     9.28G   0.02785    0.1012  0.002577    0.1317       486       640    0.6702    0.6927    0.6941    0.3897   0.04322    0.1624   0.01009
   224/299     9.28G   0.02766   0.09808  0.002526    0.1283       249       640    0.6943    0.7032    0.7128    0.4055    0.0418    0.1551   0.01112
   225/299     9.28G   0.02725   0.09796   0.00278     0.128       311       640    0.6786    0.6888       0.7    0.3678    0.0441    0.1576   0.01004
   226/299     9.28G   0.02736     0.101  0.002466    0.1308       318       640    0.6942    0.7132    0.7195    0.4029   0.04158    0.1524   0.01053
   227/299     9.28G   0.02744    0.0988  0.002668    0.1289       362       640    0.6443    0.7323    0.7003    0.3815   0.04314    0.1594   0.01024
   228/299     9.28G    0.0268   0.09706  0.002558    0.1264       359       640    0.6989    0.6937     0.705    0.3966   0.04189    0.1559   0.01077
   229/299     9.28G   0.02724   0.09746  0.002646    0.1273       299       640    0.7073    0.6729    0.6989    0.3895   0.04245     0.158   0.01091
   230/299     9.28G   0.02721   0.09812  0.002539    0.1279       275       640    0.6858    0.7039    0.7113    0.3954   0.04343     0.162  0.009709
   231/299     9.28G   0.02702   0.09783  0.002502    0.1274       257       640    0.7178    0.6542    0.6958     0.411   0.04143    0.1624  0.009669
   232/299     9.28G   0.02736   0.09786  0.002666    0.1279       340       640    0.6678    0.6645    0.6681    0.3829   0.04246    0.1615     0.011
   233/299     9.28G   0.02684   0.09862  0.002616    0.1281       313       640    0.6852    0.7114    0.6881    0.3835   0.04273    0.1572   0.01091
   234/299     9.28G   0.02674   0.09554  0.002707     0.125       263       640    0.7236    0.6926    0.7139    0.3816   0.04421    0.1566  0.008703
   235/299     9.28G   0.02667   0.09776  0.002601     0.127       370       640    0.6398    0.6873    0.6753    0.3727   0.04271    0.1626    0.0132
   236/299     9.28G   0.02697   0.09753  0.002669    0.1272       353       640    0.6717     0.686    0.6914    0.3844     0.043    0.1597   0.01114
   237/299     9.28G   0.02694    0.1004  0.002588    0.1299       389       640    0.6565    0.7003    0.6859    0.4131   0.04054    0.1557   0.01215
   238/299     9.28G    0.0269   0.09741  0.002637    0.1269       325       640    0.6493    0.6821    0.6586    0.3606   0.04509    0.1657    0.0132
   239/299     9.28G   0.02698   0.09702  0.002556    0.1266       213       640    0.7024    0.6913    0.6999    0.3778    0.0454    0.1638   0.01057
   240/299     9.28G   0.02693   0.09745  0.002491    0.1269       403       640    0.6696    0.7087    0.6976     0.418    0.0406    0.1547   0.01105
   241/299     9.28G   0.02652    0.1019  0.002671    0.1311       338       640    0.6481    0.6923     0.677    0.3996   0.04157    0.1639   0.01144
   242/299     9.28G   0.02691    0.0944  0.002562    0.1239       268       640    0.6671    0.6615    0.6657    0.3949   0.04169    0.1649   0.01037
   243/299     9.28G   0.02652   0.09551   0.00248    0.1245       293       640    0.6841    0.6346    0.6609    0.3785   0.04215    0.1626   0.01279
   244/299     9.28G    0.0262   0.09604  0.002507    0.1247       291       640    0.6403    0.6987    0.6822    0.3863   0.04164    0.1585   0.01225
   245/299     9.28G   0.02639   0.09502  0.002731    0.1241       316       640    0.7292    0.6759    0.7006    0.3944   0.04291    0.1616  0.009529
   246/299     9.28G   0.02646   0.09548  0.002564    0.1245       293       640     0.675    0.6965    0.6835    0.3722   0.04504    0.1665   0.01026
   247/299     9.28G   0.02675   0.09661  0.002418    0.1258       365       640    0.6502    0.6582    0.6509    0.3836    0.0418     0.165   0.01328
   248/299     9.28G    0.0268   0.09722  0.002576    0.1266       381       640    0.6564    0.6985    0.6767    0.3748   0.04309    0.1629   0.01252
   249/299     9.28G   0.02629   0.09604  0.002472    0.1248       336       640    0.6969    0.6698    0.6904    0.3994   0.04282    0.1653   0.01089
   250/299     9.28G    0.0266   0.09639  0.002574    0.1256       339       640    0.6729    0.6729    0.6757    0.3745   0.04416    0.1673   0.01058
   251/299     9.28G   0.02628   0.09617   0.00253     0.125       359       640    0.6742    0.6814    0.6778    0.4054   0.04192    0.1641   0.01095
   252/299     9.28G   0.02624   0.09721  0.002516     0.126       323       640    0.6658    0.6841    0.6901    0.3995   0.04157      0.16    0.0114
   253/299     9.28G   0.02615   0.09445  0.002438     0.123       336       640    0.6891     0.681     0.691    0.4123   0.04152    0.1596   0.01085
   254/299     9.28G   0.02579   0.09476  0.002514    0.1231       386       640    0.6613    0.7069    0.6986    0.3935   0.04305    0.1649  0.009831
   255/299     9.28G   0.02604   0.09344  0.002492     0.122       345       640    0.6776    0.6945    0.6942    0.4015     0.043     0.164   0.01044
   256/299     9.28G    0.0263   0.09474   0.00243    0.1235       327       640    0.6872    0.6854    0.6948    0.3941   0.04359    0.1635   0.01039
   257/299     9.28G   0.02615   0.09258  0.002506    0.1212       330       640    0.6981    0.6715    0.6802    0.3827   0.04301    0.1638   0.01073
   258/299     9.28G   0.02602    0.0961   0.00249    0.1246       351       640    0.6474    0.6726    0.6658    0.3523   0.04392    0.1685   0.01172
   259/299     9.28G   0.02621   0.09403   0.00249    0.1227       349       640    0.7172    0.6398    0.6624    0.3678   0.04569    0.1776   0.01062
   260/299     9.28G   0.02636   0.09313  0.002549     0.122       317       640     0.735    0.6653    0.6945    0.3898    0.0445    0.1679   0.01057
   261/299     9.28G    0.0258   0.09467  0.002468    0.1229       298       640    0.6796    0.7102    0.7011    0.3945   0.04319    0.1633   0.01034
   262/299     9.28G   0.02636   0.09732   0.00263    0.1263       291       640    0.6692    0.7243    0.7102    0.4151   0.04183    0.1606   0.01074
   263/299     9.28G   0.02604   0.09279  0.002488    0.1213       329       640    0.6304    0.7302     0.693    0.4009   0.04176    0.1597   0.01183
   264/299     9.28G   0.02591   0.09448  0.002469    0.1229       355       640    0.6812    0.7003    0.6856    0.3948   0.04363    0.1658   0.01147
   265/299     9.28G   0.02568   0.09444  0.002413    0.1225       312       640     0.704    0.6814    0.6886    0.3855   0.04442    0.1678   0.01089
   266/299     9.28G   0.02578   0.09475  0.002555    0.1231       258       640    0.6579     0.707    0.6836    0.3742   0.04459    0.1677   0.01133
   267/299     9.28G   0.02587    0.0923  0.002455    0.1206       295       640    0.6583    0.7157    0.6953    0.3823   0.04273    0.1659   0.01095
   268/299     9.28G   0.02531   0.09415  0.002417    0.1219       298       640    0.7324    0.6614    0.6974    0.4035   0.04302    0.1671   0.01121
   269/299     9.28G   0.02555   0.09023  0.002519    0.1183       282       640    0.7021    0.6801     0.703    0.4092   0.04247    0.1642   0.01052
   270/299     9.28G   0.02585   0.09533  0.002458    0.1236       345       640    0.6673    0.6917    0.6949    0.3992   0.04302    0.1663   0.01031
   271/299     9.28G   0.02572   0.09251  0.002459    0.1207       261       640    0.6649     0.694    0.6905    0.3929   0.04245    0.1614   0.01168
   272/299     9.28G   0.02579   0.09152  0.002449    0.1198       344       640    0.6581    0.6916    0.6708    0.3643   0.04436    0.1673   0.01172
   273/299     9.28G   0.02545   0.09151  0.002404    0.1194       257       640    0.6676    0.6889    0.6762    0.3581   0.04536    0.1692   0.01111
   274/299     9.28G   0.02556   0.09231  0.002269    0.1201       354       640    0.6784    0.6921    0.6784    0.3643   0.04518    0.1691   0.01082
   275/299     9.28G   0.02555   0.08745  0.002434    0.1154       250       640    0.6761    0.6724    0.6745     0.381   0.04332    0.1659   0.01179
   276/299     9.28G    0.0252   0.09282  0.002147    0.1202       399       640    0.7031    0.6918    0.7014    0.4049   0.04228    0.1626   0.01138
   277/299     9.28G   0.02543   0.09051  0.002472    0.1184       355       640    0.6372    0.6799    0.6543    0.3732    0.0439    0.1729   0.01271
   278/299     9.28G   0.02523   0.09156  0.002479    0.1193       302       640    0.6416    0.6982    0.6708    0.3761   0.04455    0.1719   0.01191
   279/299     9.28G    0.0256   0.09065  0.002415    0.1187       385       640    0.6586    0.7182    0.6935    0.3783   0.04441     0.165   0.01034
   280/299     9.28G   0.02562   0.09088   0.00246     0.119       305       640    0.7257    0.6466    0.6715    0.3679   0.04421    0.1672   0.01198
   281/299     9.28G   0.02551   0.09352  0.002364    0.1214       316       640    0.7103    0.6738    0.6897    0.4017   0.04245    0.1662   0.01112
   282/299     9.28G   0.02534   0.09228  0.002419      0.12       319       640    0.6092    0.7006    0.6615    0.3943   0.04084     0.169   0.01383
   283/299     9.28G   0.02525   0.09299  0.002256    0.1205       357       640    0.6784    0.6781    0.6754     0.378   0.04358    0.1705   0.01127
   284/299     9.28G   0.02501   0.09344  0.002176    0.1206       333       640    0.7014    0.6786    0.6763    0.3918   0.04314    0.1683   0.01144
   285/299     9.28G   0.02532   0.09281  0.002275    0.1204       240       640    0.7259     0.664    0.6857    0.3785   0.04481    0.1706   0.01087
   286/299     9.28G   0.02514    0.0932  0.002407    0.1207       341       640    0.6663    0.6761    0.6685    0.3707   0.04397    0.1699   0.01206
   287/299     9.28G   0.02483    0.0935  0.002245    0.1206       323       640    0.6873    0.6735    0.6796    0.3933   0.04265    0.1679   0.01193
   288/299     9.28G   0.02519   0.08821  0.002301    0.1157       291       640    0.6947    0.6913    0.6871    0.3859     0.044    0.1726   0.01056
   289/299     9.28G   0.02525   0.09087  0.002454    0.1186       327       640    0.7051     0.701    0.7024    0.3769   0.04457    0.1682   0.01029
   290/299     9.28G   0.02517   0.09143  0.002251    0.1188       406       640    0.7107    0.6969    0.7057      0.39   0.04517    0.1688  0.009881
   291/299     9.28G   0.02527   0.09022  0.002422    0.1179       334       640    0.7565    0.6813    0.7103    0.3957   0.04535    0.1677  0.009261
   292/299     9.28G   0.02502   0.09137  0.002227    0.1186       389       640    0.7125    0.6647    0.6837    0.3804   0.04444    0.1706   0.01226
   293/299     9.28G   0.02506   0.09268  0.002228      0.12       406       640    0.7278    0.7006     0.703    0.3847   0.04484    0.1661  0.009618
   294/299     9.28G   0.02483   0.08797  0.002411    0.1152       279       640    0.7145    0.6743    0.6922    0.3792    0.0438    0.1666   0.01174
   295/299     9.28G     0.025   0.09161  0.002406     0.119       314       640    0.7041    0.6643    0.6706    0.3761   0.04425    0.1705   0.01216
   296/299     9.28G   0.02504   0.09032  0.002514    0.1179       366       640    0.7052    0.6543    0.6668    0.3791   0.04376    0.1669   0.01286
   297/299     9.28G   0.02491   0.09091  0.002347    0.1182       413       640    0.6901     0.678    0.6781    0.3941   0.04157    0.1615   0.01283
   298/299     9.28G   0.02507   0.09082  0.002356    0.1182       271       640    0.7112    0.6742    0.6836    0.4092   0.04242    0.1685   0.01106
   299/299     9.28G   0.02496   0.09328  0.002155    0.1204       346       640    0.7413    0.7024     0.714    0.3949   0.04421    0.1673  0.009557
